-2.986617768929986649e+00
-4.870530767831176555e-01
-3.069599173277518744e+00
-4.874001919366615088e-01
-3.159612871347565299e+00
-4.878099741981554160e-01
-3.258137465293303947e+00
-4.883013955205728340e-01
-3.367131280112112268e+00
-4.889018708527887447e-01
-3.489256785219626789e+00
-4.896523642449340241e-01
-3.628248930146225959e+00
-4.906166006539306457e-01
-3.789551296711517914e+00
-4.918987309663801488e-01
-3.981486233644381922e+00
-4.936798697706372141e-01
-4.217586555159285489e+00
-4.963013257836181857e-01
-4.521759103994888562e+00
-5.004800830947375712e-01
-4.941526432484077525e+00
-5.079763862273294350e-01
-5.590398288618184885e+00
-5.243175047175523407e-01
-6.847908243742184986e+00
-5.771392548594028726e-01
-1.212651500610954614e+01
-1.321264748106972808e+00
-2.430444104865054467e+00
-7.105066706194920201e+00
-2.275576677813838877e+00
-4.845661652218984372e+00
-2.258209512787915152e+00
-4.024377569214120598e+00
-2.259956317284446126e+00
-3.574706599708473043e+00
-2.267651402259649007e+00
-3.284589824553640902e+00
-2.277983735354229378e+00
-3.079731500501463159e+00
-2.289781059961565557e+00
-2.926541393492963827e+00
-2.302540130710101884e+00
-2.807358588477372408e+00
-2.316017617018425678e+00
-2.711910052412300320e+00
-2.330087190685087961e+00
-2.633769024554706739e+00
-2.344681275635122297e+00
-2.568687360234258144e+00
-2.359764487211493122e+00
-2.513733112443376605e+00
-2.375320448530243933e+00
-2.466811115754702577e+00
-2.391344805480915880e+00
-2.426380688403967589e+00
-2.407841338237634687e+00
-2.391281402607629225e+00
-2.424819719951802455e+00
-2.360621257462545586e+00
-2.442294201020740019e+00
-2.333702484401733113e+00
-2.460282840384510727e+00
-2.309970900552500428e+00
-2.478807076540735288e+00
-2.288980472571020996e+00
-2.497891521353955646e+00
-2.270367980887654902e+00
-2.517563908493074543e+00
-2.253834556458222949e+00
-2.537855157689558272e+00
-2.239131995110398510e+00
-2.558799532373763341e+00
-2.226052457931826378e+00
-2.580434879466109610e+00
-2.214420613134389093e+00
-2.602802947359881713e+00
-2.204087566068264170e+00
-2.625949783600923126e+00
-2.194926117608415161e+00
-2.649926218276219991e+00
-2.186827022252514574e+00
-2.674788443289212392e+00
-2.179696007630781640e+00
-2.700598701998957463e+00
-2.173451380385151843e+00
-2.727426108482536637e+00
-2.168022088300291195e+00
-2.755347621537790115e+00
-2.163346141079541596e+00
-2.784449205077030420e+00
-2.159369315244752840e+00
-2.814827216477990390e+00
-2.156044087126056219e+00
-2.846590074756814470e+00
-2.153328749646643558e+00
-2.879860276496053473e+00
-2.151186679552468561e+00
-2.914776847017098937e+00
-2.149585728842883903e+00
-2.951498341333169240e+00
-2.148497720314886283e+00
-2.990206545975447661e+00
-2.147898031986393619e+00
-3.031111083102036474e+00
-2.147765259294139639e+00
-3.074455188420356144e+00
-2.148080947690100828e+00
-3.120523033557467851e+00
-2.148829391952418177e+00
-3.169649105650830911e+00
-2.149997502575986097e+00
-3.222230364157057547e+00
-2.151574744569629605e+00
-3.278742202466773836e+00
-2.153553160785087961e+00
-3.339759707321735771e+00
-2.155927501770579013e+00
-3.405986428875840577e+00
-2.158695499676840601e+00
-3.478294014451769112e+00
-2.161858349089215814e+00
-3.557777914483617021e+00
-2.165421500993261805e+00
-3.645837481276849257e+00
-2.169395953114921838e+00
-3.744294184126097491e+00
-2.173800362714156886e+00
-3.855571422055338981e+00
-2.178664585273947907e+00
-3.982977864000833534e+00
-2.184035810207149986e+00
-4.131173055062482113e+00
-2.189989700165554609e+00
-4.306972343322762242e+00
-2.196651833671538157e+00
-4.520828373390668453e+00
-2.204242159210876295e+00
-4.789783557525575830e+00
-2.213176389739262895e+00
-5.144003993541163666e+00
-2.224328591520637666e+00
-5.643502157627777294e+00
-2.239843806820527305e+00
-6.431403903645479758e+00
-2.266440412798145232e+00
-7.982616977168574657e+00
-2.337376054026221617e+00
-1.435689316296687323e+01
-3.175096274082118697e+00
-2.065590625149446247e+00
-1.098225597102043061e+01
-1.841009773672003913e+00
-7.821725242370469289e+00
-1.811815204954201342e+00
-6.674608810294140326e+00
-1.808680372319670271e+00
-6.040105125005350573e+00
-1.813504919352373790e+00
-5.625889637158655532e+00
-1.821795449014942170e+00
-5.330006440298515002e+00
-1.831971462354762270e+00
-5.106380765278969669e+00
-1.843356575716817103e+00
-4.930761477139903981e+00
-1.855623498696021390e+00
-4.789025429245596932e+00
-1.868600418366513027e+00
-4.672348660317870106e+00
-1.882189966515649404e+00
-4.574973775117075370e+00
-1.896322560332897922e+00
-4.493195567456820250e+00
-1.910878515981966563e+00
-4.425432454108205071e+00
-1.925103856832054872e+00
-4.376831403573556933e+00
-1.898581398664887843e+00
-4.488905731840983293e+00
-2.117160468552195862e+00
-3.815525863056099976e+00
-1.991411825691273840e+00
-4.380952018169399054e+00
-1.994826225852624813e+00
-4.241279969873057887e+00
-2.011846957974435135e+00
-4.193037351685992675e+00
-2.030391257282047945e+00
-4.161326671132161259e+00
-2.049816535748844260e+00
-4.137367805058893566e+00
-2.070039020752588499e+00
-4.118665616795698980e+00
-2.091068525123743527e+00
-4.104169678775870800e+00
-2.112942419636723468e+00
-4.093322691394928547e+00
-2.135711027404284756e+00
-4.085785475327053717e+00
-2.159433740894585174e+00
-4.081336151913303567e+00
-2.184178165345072475e+00
-4.079826458722561000e+00
-2.210020367706227340e+00
-4.081160371493774974e+00
-2.237045664656226673e+00
-4.085282735581424518e+00
-2.265349775368441065e+00
-4.092172972951361842e+00
-2.295040301618186618e+00
-4.101841683324558119e+00
-2.326238557671227447e+00
-4.114329107636843119e+00
-2.359081808262018853e+00
-4.129704952843332499e+00
-2.393726003486206899e+00
-4.148069349498708647e+00
-2.430349133034571452e+00
-4.169554872600367723e+00
-2.469155364278954767e+00
-4.194329666419031710e+00
-2.510380184874737353e+00
-4.222601807543860275e+00
-2.554296847672187898e+00
-4.254625136735475266e+00
-2.601224523952884837e+00
-4.290706904763839091e+00
-2.651538725480674152e+00
-4.331217726633871834e+00
-2.705684780163330139e+00
-4.376604543841445150e+00
-2.764195477583628602e+00
-4.427407586823307817e+00
-2.827714500437717771e+00
-4.484282758064150443e+00
-2.897028026932200184e+00
-4.548031498496755809e+00
-2.973108101750546961e+00
-4.619641185495400038e+00
-3.057173335211693654e+00
-4.700340661408693776e+00
-3.150775761084664950e+00
-4.791677997577203030e+00
-3.255928322607283487e+00
-4.895631772106203705e+00
-3.375297560213926573e+00
-5.014774329695296018e+00
-3.512505004130203723e+00
-5.152518371058435243e+00
-3.672618143221184184e+00
-5.313502357329870307e+00
-3.862990346883560022e+00
-5.504217934119687072e+00
-4.094786988622685975e+00
-5.734083173698383717e+00
-4.385977719129413366e+00
-6.017394951545186110e+00
-4.767817889395374209e+00
-6.377173071004967220e+00
-5.300946371384644529e+00
-6.853583553087694291e+00
-6.123892712921544579e+00
-7.525671587402891660e+00
-7.664873459230786779e+00
-8.583166770003099799e+00
-1.264051767211626398e+01
-1.087369538842996874e+01
-7.951202569673245790e-01
-2.769565758911268460e+01
2.515155528223243664e+01
-1.428437667428749336e+01
9.114110472910127214e+00
-7.086903517837678024e+00
6.564105377798790109e+00
-6.130531206417010104e+00
5.313162924867805614e+00
-5.557104354711993821e+00
4.531062301650244706e+00
-5.157027649819020176e+00
3.981449526993716237e+00
-4.856027759364506480e+00
3.567240440015615466e+00
-4.618453964856616523e+00
3.240121083393389334e+00
-4.424513491407462418e+00
2.972950369621265576e+00
-4.262159461704785990e+00
2.749140178558739933e+00
-4.123565607783107545e+00
2.557900039825828920e+00
-4.003390855657512404e+00
2.391865007278811905e+00
-3.897846009292700753e+00
2.245811991847288080e+00
-3.804156957348739265e+00
2.115919334412797781e+00
-3.720239081060612740e+00
1.999317155637978072e+00
-3.644491009642375268e+00
1.893802437787400983e+00
-3.575659156811735073e+00
1.797651926943022005e+00
-3.512745962191408555e+00
1.709495473988295267e+00
-3.454946055006193006e+00
1.628228007471511640e+00
-3.401600780923544676e+00
1.552946935846365006e+00
-3.352165100490826610e+00
1.482906723579912045e+00
-3.306182977173751425e+00
1.417485329603578759e+00
-3.263268640357242401e+00
1.356159001237068562e+00
-3.223091848816836524e+00
1.298483048354601932e+00
-3.185365618461855064e+00
1.244076935049195587e+00
-3.149834737582834165e+00
1.192612434258420340e+00
-3.116262227939714524e+00
1.143803617398333916e+00
-3.084406422564588190e+00
1.097396198902151676e+00
-3.053962384634282046e+00
1.053143487139057921e+00
-3.024334328884552114e+00
1.010668025451321839e+00
-2.993191119906422060e+00
9.649742978551345551e-01
-3.006993083001055389e+00
9.318079404072400207e-01
-2.958406924104419744e+00
8.948843132130052114e-01
-2.932514093956198664e+00
8.592565243532664931e-01
-2.909455825784834193e+00
8.249305877703347889e-01
-2.887908219858339010e+00
7.918274265828850744e-01
-2.867515424534941904e+00
7.598648956036514468e-01
-2.848123982548770528e+00
7.289697055161771244e-01
-2.829680422409874829e+00
6.991920335659975727e-01
-2.812732040214817708e+00
6.692594995902760857e-01
-2.797687602876830937e+00
6.419283479289137340e-01
-2.778831269217395317e+00
6.146300718199091406e-01
-2.763117853868621410e+00
5.880809545111221892e-01
-2.748139118921456792e+00
5.622434053340797933e-01
-2.733779980502890616e+00
5.370754222434419578e-01
-2.719996260474666805e+00
5.125374412403770341e-01
-2.706756484601182677e+00
4.885926668958261443e-01
-2.694033992408762845e+00
4.652069050879215073e-01
-2.681804984213065346e+00
4.423483427043389815e-01
-2.670047796651492611e+00
4.199873356215472198e-01
-2.658742535236797710e+00
3.980962151481974853e-01
-2.647870841086512606e+00
3.766491135602222373e-01
-2.637415720198236002e+00
3.556218072845155342e-01
-2.627361407623320488e+00
3.349915759082094935e-01
-2.617693254020843519e+00
3.147370752470979305e-01
-2.608397628048313877e+00
2.948382228697156715e-01
-2.599461830665057871e+00
2.752760946539102305e-01
-2.590874018660361155e+00
2.560328311194016160e-01
-2.582623135284270788e+00
2.370915524246013928e-01
-2.574698845984934259e+00
2.184362810309529723e-01
-2.567091476959868501e+00
2.000518711143848272e-01
-2.559791953272423370e+00
1.819239438119462648e-01
-2.552791731009104392e+00
1.640388272466311026e-01
-2.546082712618992439e+00
1.463834997174427999e-01
-2.539657121289246255e+00
1.289455325457798951e-01
-2.533507273694549866e+00
1.117130220032019894e-01
-2.527625075178516312e+00
9.467446737106222088e-02
-2.522000619948658873e+00
7.781834410864663099e-02
-2.516617017328747430e+00
6.112959745172108494e-02
-2.511419136421813469e+00
4.422515522575920510e-02
-2.505351404658596071e+00
2.823556335211596657e-02
-2.502581987992261947e+00
1.203156879238709287e-02
-2.498045663797987981e+00
-4.051260144621093851e-03
-2.493881970356333966e+00
-2.000902485020039645e-02
-2.489982688369432484e+00
-3.584880339846718833e-02
-2.486326715124489439e+00
-5.157836727204956340e-02
-2.482905604592372306e+00
-6.720543524834310389e-02
-2.479714498152494340e+00
-8.273755792683201715e-02
-2.476750000257811557e+00
-9.818210057336285157e-02
-2.474009493171176910e+00
-1.135462483405581535e-01
-2.471490866353975413e+00
-1.288370176051818472e-01
-2.469192392946661485e+00
-1.440612689860596429e-01
-2.467112666757691919e+00
-1.592257206307803319e-01
-2.465250567156985095e+00
-1.743369612831351390e-01
-2.463605238122560159e+00
-1.894014629649816150e-01
-2.462176075098451378e+00
-2.044255932305326651e-01
-2.460962716520509019e+00
-2.194156269960702010e-01
-2.459965038357491807e+00
-2.343777579785984999e-01
-2.459183150752857205e+00
-2.493181097740938545e-01
-2.458617396243547581e+00
-2.642427466182318829e-01
-2.458268349243696527e+00
-2.791576838686090634e-01
-2.458136816605771102e+00
-2.940688982472382529e-01
-2.458223839146009393e+00
-3.089823378860118153e-01
-2.458530694065580668e+00
-3.239039322059321657e-01
-2.459058898234318224e+00
-3.388396016742809547e-01
-2.459810212320016731e+00
-3.537952674714618384e-01
-2.460786645764420300e+00
-3.687768611000796781e-01
-2.461990462628631970e+00
-3.837903339840732508e-01
-2.463424188304451867e+00
-3.988416670696290911e-01
-2.465090617170580423e+00
-4.139368804848392314e-01
-2.466992821189712970e+00
-4.290820432784930860e-01
-2.469134159524374539e+00
-4.442832832774610274e-01
-2.471518289221097398e+00
-4.595467970966613525e-01
-2.474149177031748081e+00
-4.748788603376361550e-01
-2.477031112449751049e+00
-4.902858380121345450e-01
-2.480168722047620289e+00
-5.057741952286441967e-01
-2.483566985215767353e+00
-5.213505081809464148e-01
-2.487231251412083566e+00
-5.370214754794786494e-01
-2.491167259047398552e+00
-5.527939298678399282e-01
-2.495381156146832424e+00
-5.686748503706373636e-01
-2.499879522941392818e+00
-5.846713749174300423e-01
-2.504669396568339756e+00
-6.007908134954619284e-01
-2.509758298074233451e+00
-6.170406618827652956e-01
-2.515154261942652347e+00
-6.334286160189032122e-01
-2.520865868394400522e+00
-6.499625870737549826e-01
-2.526902278738875296e+00
-6.666507172793194602e-01
-2.533273274090637628e+00
-6.835013965942983161e-01
-2.539989297805268276e+00
-7.005232802764211897e-01
-2.547061502034222435e+00
-7.177253074436317215e-01
-2.554501798851219529e+00
-7.351167207113604718e-01
-2.562322916462709266e+00
-7.527070870027653404e-01
-2.570538461083418547e+00
-7.705063196284833715e-01
-2.579162985142916753e+00
-7.885247017583255635e-01
-2.588212062572065264e+00
-8.067729113958294063e-01
-2.597702372038209084e+00
-8.252620479945373955e-01
-2.607651789113932139e+00
-8.440036608590036904e-01
-2.618079488515300923e+00
-8.630097794870745798e-01
-2.629006057714796007e+00
-8.822929460290709347e-01
-2.640453623437723607e+00
-9.018662500501443136e-01
-2.652445992785421147e+00
-9.217433658047800016e-01
-2.665008811011157164e+00
-9.419385922505193465e-01
-2.678169738305657965e+00
-9.624668960810538465e-01
-2.691958648484068739e+00
-9.833439577954556921e-01
-2.706407851663119590e+00
-1.004586222200278378e+00
-2.721552348952213762e+00
-1.026210950450251236e+00
-2.737430114205574583e+00
-1.048236281279637083e+00
-2.754082422402146513e+00
-1.070681288895553473e+00
-2.771554214962298257e+00
-1.093566056276814580e+00
-2.789894524198840209e+00
-1.116911742937225283e+00
-2.809156953339382312e+00
-1.140740669607926305e+00
-2.829400234896897182e+00
-1.165076400230357079e+00
-2.850688867166930152e+00
-1.189943837552899231e+00
-2.873093861270547666e+00
-1.215369325533554701e+00
-2.896693600245492384e+00
-1.241380757272867230e+00
-2.921574849155205378e+00
-1.268007696683832730e+00
-2.947833939647682477e+00
-1.295281509294330169e+00
-2.975578164753531318e+00
-1.323235503718305672e+00
-3.004927433866006581e+00
-1.351905086166282466e+00
-3.036016245708369254e+00
-1.381327928314377784e+00
-3.068996053929914147e+00
-1.411544149530071124e+00
-3.104038121322422406e+00
-1.442596515257130285e+00
-3.141336987940372083e+00
-1.474530649115021852e+00
-3.181114717224732935e+00
-1.507395262174070494e+00
-3.223626127685061071e+00
-1.541242399141064423e+00
-3.269165310548206360e+00
-1.576127696642379838e+00
-3.318073803778147202e+00
-1.612110651958611918e+00
-3.370750966416498962e+00
-1.649254897360048933e+00
-3.427667279362212938e+00
-1.687628465965176350e+00
-3.489381610966493241e+00
-1.727304029405067665e+00
-3.556563929930173007e+00
-1.768359079233005504e+00
-3.630025632333600871e+00
-1.810875987013717214e+00
-3.710760716525165481e+00
-1.854941858702578106e+00
-3.800002735083560346e+00
-1.900648007377650828e+00
-3.899305267173105438e+00
-1.948088762136476193e+00
-4.010658405020352646e+00
-1.997359057108778702e+00
-4.136662192916571001e+00
-2.048549784585517397e+00
-4.280793459483263952e+00
-2.101738820367773819e+00
-4.447832674389310625e+00
-2.156973280955750916e+00
-4.644579702485246209e+00
-2.214232720191189330e+00
-4.881125725635465429e+00
-2.273346966908660338e+00
-5.173285915971199245e+00
-2.333792112470413294e+00
-5.547722859666061268e+00
-2.394098963641580369e+00
-6.054265413806472651e+00
-2.449677414986262125e+00
-6.801924706541591981e+00
-2.480735809433361805e+00
-8.104824871743316450e+00
-2.268525901230352027e+00
-1.171398046113836600e+01
7.168285256996719035e+00
-4.134419002264489329e+00
2.618445639577091200e+00
-4.331165513940931966e+00
1.375729597509340874e+00
-6.118784704467190139e+00
8.469627590876331880e+00
-1.593981776933221850e+00
3.723670638222987161e+00
-9.805382023995572460e-01
2.333639499830176600e+00
-9.409287938662140860e-01
1.490577539322432088e+00
-9.332057998051108694e-01
8.652417178258988706e-01
-9.341074903416100028e-01
3.517590807769885863e-01
-9.387991153946656508e-01
-9.797606568279659811e-02
-9.456929872390531511e-01
-5.106026628454758409e-01
-9.541434057161386484e-01
-9.031518784249303877e-01
-9.638654063018964324e-01
-1.287948101872497642e+00
-9.747424284240344683e-01
-1.675027244412639948e+00
-9.867518947813191943e-01
-2.073556465118115533e+00
-9.999349745396063360e-01
-2.492860526918226238e+00
-1.014386735865552946e+00
-2.943370464391682262e+00
-1.030258950302677778e+00
-3.437734637271716132e+00
-1.047774868394289571e+00
-3.992378393469543596e+00
-1.067260880381039279e+00
-4.629986312542002658e+00
-1.089208716353167850e+00
-5.383850016546778861e+00
-1.114401634281632081e+00
-6.306205660427432136e+00
-1.144191703047886532e+00
-7.485970950373110000e+00
-1.181184487614857836e+00
-9.091944821062812210e+00
-1.231229936507654665e+00
-1.150073662452814816e+01
-1.310800149736087050e+00
-1.582010295492212570e+01
-1.488273131139355332e+00
-2.829925678755694562e+01
-2.511097166757255028e+00
5.175559520987249584e-02
-3.857814519143217780e+01
1.847391396267451746e+00
-2.216113588754765473e+01
1.990857445177172336e+00
-1.782384929880709734e+01
2.009987853355049037e+00
-1.573727489398602586e+01
1.998899258535240087e+00
-1.455098975684665774e+01
1.977675099861242458e+00
-1.384944948705223489e+01
1.952937511531533499e+00
-1.346406869690834718e+01
1.927576723410374004e+00
-1.332071810164818437e+01
1.903296956753575575e+00
-1.339345500046128201e+01
1.881623719459335486e+00
-1.369107773128144778e+01
1.864699444768602055e+00
-1.426087136262277610e+01
1.856747741642069904e+00
-1.521347404423462990e+01
1.868674449117143643e+00
-1.680135832886601222e+01
1.940879414362095545e+00
-1.971582553804116600e+01
2.499211419770652753e+00
-2.738192762352670329e+01
1.056170137012713894e+01
-4.056279035245713516e+01
3.085254206063090976e+01
-9.913337400652318943e-01
2.028330152058792635e+01
-2.785846568506999965e-01
1.613249165228503657e+01
-1.447982251148902944e-01
1.372218396981839028e+01
-9.284023128663891622e-02
1.208832562552258238e+01
-6.625395356817567749e-02
1.088280776569967578e+01
-5.046112991414440641e-02
9.944145263486662500e+00
-4.015365445076088391e-02
9.185483178129121740e+00
-3.297473698718856455e-02
8.555250489074749609e+00
-2.773123727077448503e-02
8.020568698638367522e+00
-2.375966239527167387e-02
7.559318931339033654e+00
-2.066400521447752520e-02
7.155981072190905401e+00
-1.819446655532300575e-02
6.799289947413328150e+00
-1.618630837874427894e-02
6.480837840253476756e+00
-1.452684399968085134e-02
6.194201674994520346e+00
-1.313659769101305046e-02
5.934376401341264540e+00
-1.195804166049567810e-02
5.697394999406125038e+00
-1.094859600319449296e-02
5.480066236507069810e+00
-1.007612536878734442e-02
5.279789444078613059e+00
-9.315962113709243958e-03
5.094420724492519703e+00
-8.648883594735144384e-03
4.922174538863326454e+00
-8.059708270395919694e-03
4.761550089310677691e+00
-7.536301357187101535e-03
4.611275419335013837e+00
-7.068857863368845605e-03
4.470264392737602677e+00
-6.649377238953338605e-03
4.337583178173359144e+00
-6.271272783506269023e-03
4.212423848126188197e+00
-5.929077373377451832e-03
4.094083370567807911e+00
-5.618219058152156518e-03
3.981946735924943859e+00
-5.334848028797689601e-03
3.875473289113263053e+00
-5.075701828530263665e-03
3.774185570160128567e+00
-4.837999360057227034e-03
3.677660136186768902e+00
-4.619356806544319856e-03
3.585519961553072843e+00
-4.417720392889461396e-03
3.497428104891373568e+00
-4.231312206914108337e-03
3.413082400596283872e+00
-4.058586235102870643e-03
3.332210984396303033e+00
-3.898192451094297309e-03
3.254568502359335369e+00
-3.748947300001185222e-03
3.179932883259321219e+00
-3.609809298116516130e-03
3.108102577951036949e+00
-3.479858750824299171e-03
3.038894187940460956e+00
-3.358280806468250199e-03
2.972140419932635780e+00
-3.244351228318634317e-03
2.907688314704149235e+00
-3.137424393451140794e-03
2.845397707869981918e+00
-3.036923125657723342e-03
2.785139887512886325e+00
-2.942330046313003725e-03
2.726796419612111499e+00
-2.853180187507169813e-03
2.670258117049481683e+00
-2.769054659522888519e-03
2.615424131917349904e+00
-2.689575202734712303e-03
2.562201154086100718e+00
-2.614399484406366037e-03
2.510502701649528046e+00
-2.543217025302554283e-03
2.460248491065854637e+00
-2.475745660781921050e-03
2.411363876637985015e+00
-2.411728457072832409e-03
2.363779350498133258e+00
-2.350931016511295484e-03
2.317430095535240042e+00
-2.293139116232527103e-03
2.272255584772617354e+00
-2.238156633618585811e-03
2.228199221604343805e+00
-2.185803719080494853e-03
2.185208016060720571e+00
-2.135915182784664957e-03
2.143232292919537318e+00
-2.088339066951558267e-03
2.102225428029877108e+00
-2.042935379544178701e-03
2.062143609684743417e+00
-1.999574968673974423e-03
2.022945622280736266e+00
-1.958138520001800192e-03
1.984592649848042623e+00
-1.918515661898865989e-03
1.947048097331025351e+00
-1.880604165236164941e-03
1.910277427756029933e+00
-1.844309226454873656e-03
1.874248013644790323e+00
-1.809542824087806596e-03
1.838929001224172355e+00
-1.776223140196125276e-03
1.804291186150186244e+00
-1.744274039292282403e-03
1.770306899609885409e+00
-1.713624598268964497e-03
1.736949903792011307e+00
-1.684208681669161845e-03
1.704195295828504930e+00
-1.655964557334963991e-03
1.672019419406694851e+00
-1.628834548079206163e-03
1.640399783337670669e+00
-1.602764715548950399e-03
1.609314986441873652e+00
-1.577704572905035997e-03
1.578744648179539301e+00
-1.553606823337512878e-03
1.548669344512420887e+00
-1.530427121781365810e-03
1.519070548535342180e+00
-1.508123857497542259e-03
1.489930575462256490e+00
-1.486657955447184647e-03
1.461232531592534079e+00
-1.465992694617185982e-03
1.432960266919635739e+00
-1.446093541657247124e-03
1.405098331076878537e+00
-1.426927998366228807e-03
1.377631932343958088e+00
-1.408465461721989222e-03
1.350546899463821449e+00
-1.390677095286867691e-03
1.323829646042694153e+00
-1.373535710942897382e-03
1.297467137326820286e+00
-1.357015660018633324e-03
1.271446859168160914e+00
-1.341092732965201879e-03
1.245756789008030330e+00
-1.325744066823915553e-03
1.220385368722751940e+00
-1.310948059803367267e-03
1.195321479189006775e+00
-1.296684292351007106e-03
1.170554416438775114e+00
-1.282933454164107787e-03
1.146073869284899738e+00
-1.269677276638538337e-03
1.121869898308236912e+00
-1.256898470301445574e-03
1.097932916106489021e+00
-1.244580666816888720e-03
1.074253668712984222e+00
-1.232708365191644614e-03
1.050823218101113454e+00
-1.221266881842974876e-03
1.027632925696945643e+00
-1.210242304220959016e-03
1.004674436828620010e+00
-1.199621447706038365e-03
9.819396660467862858e-01
-1.189391815526523411e-03
9.594207832553760529e-01
-1.179541561466298247e-03
9.371102005967292259e-01
-1.170059455147969213e-03
9.150005600392413507e-01
-1.160934849701806713e-03
8.930847216196420302e-01
-1.152157651642083617e-03
8.713557522955187595e-01
-1.143718292790357012e-03
8.498069153669004505e-01
-1.135607704098415922e-03
8.284316604288073371e-01
-1.127817291235426326e-03
8.072236138191846155e-01
-1.120338911816116771e-03
7.861765695293649880e-01
-1.113164854188926660e-03
7.652844805458974831e-01
-1.106287817455004797e-03
7.445414505964222940e-01
-1.099700893294680527e-03
7.239417262707112943e-01
-1.093397548398366941e-03
7.034796894941902634e-01
-1.087371608533727269e-03
6.831498503291789648e-01
-1.081617243509371516e-03
6.629468400826032948e-01
-1.076128953189554177e-03
6.428654046995792015e-01
-1.070901554465113550e-03
6.229003984236889391e-01
-1.065930169123997448e-03
6.030467777059171919e-01
-1.061210212568761786e-03
5.832995953452551063e-01
-1.056737383332883532e-03
5.636539948449741377e-01
-1.052507653351026111e-03
5.441052049694621306e-01
-1.048517258944996850e-03
5.246485344873437207e-01
-1.044762692484386317e-03
5.052793670873586551e-01
-1.041240694691730057e-03
4.859931564541519755e-01
-1.037948247559099648e-03
4.667854214917909195e-01
-1.034882567848398067e-03
4.476517416833787899e-01
-1.032041101149696076e-03
4.285877525756636164e-01
-1.029421516474277824e-03
4.095891413780363144e-01
-1.027021701361461670e-03
3.906516426657283270e-01
-1.024839757480237650e-03
3.717710341774198013e-01
-1.022873996708950715e-03
3.529431326978182959e-01
-1.021122937678066661e-03
3.341637900160845387e-01
-1.019585302762941389e-03
3.154288889512507632e-01
-1.018260015515257263e-03
2.967343394360305586e-01
-1.017146198523479362e-03
2.780760746506201753e-01
-1.016243171694302229e-03
2.594500471982755796e-01
-1.015550450948665608e-03
2.408522253145848058e-01
-1.015067747327428813e-03
2.222785891024851024e-01
-1.014794966503350946e-03
2.037251267851534764e-01
-1.014732208697481132e-03
1.851878309689538871e-01
-1.014879768999568232e-03
1.666626949086598419e-01
-1.015238138093588769e-03
1.481457087671724515e-01
-1.015808003390946367e-03
1.296328558619116167e-01
-1.016590250575444450e-03
1.111201088900192896e-01
-1.017585965565605656e-03
9.260342612441457844e-02
-1.018796436901512996e-03
7.407874757263716026e-02
-1.020223158564908389e-03
5.554199109023913450e-02
-1.021867833242949769e-03
3.698904844035760808e-02
-1.023732376047727750e-03
1.841578129083573656e-02
-1.025818918705407061e-03
-1.819828599408934711e-04
-1.028129814230731688e-03
-1.880845483763207704e-02
-1.030667642104563832e-03
-3.746788803639333754e-02
-1.033435213974185024e-03
-5.616458276298758046e-02
-1.036435579898266172e-03
-7.490289069076078166e-02
-1.039672035160694617e-03
-9.368721943409352715e-02
-1.043148127679916154e-03
-1.125220372544713243e-01
-1.046867666043056148e-03
-1.314118779097948331e-01
-1.050834728196873083e-03
-1.503613456591840758e-01
-1.055053670830608534e-03
-1.693751204361391982e-01
-1.059529139489011947e-03
-1.884579632036475216e-01
-1.064266079457287881e-03
-2.076147215055711426e-01
-1.069269747463469020e-03
-2.268503352294969633e-01
-1.074545724247743259e-03
-2.461698425971496906e-01
-1.080099928052671550e-03
-2.655783863994492511e-01
-1.085938629092965055e-03
-2.850812204943885542e-01
-1.092068465068658355e-03
-3.046837165870776021e-01
-1.098496457791120354e-03
-3.243913713125927134e-01
-1.105230030997473700e-03
-3.442098136436749223e-01
-1.112277029435633242e-03
-3.641448126468139757e-01
-1.119645739309462450e-03
-3.842022856119617913e-01
-1.127344910181503910e-03
-4.043883065828933199e-01
-1.135383778439435750e-03
-4.247091153172132261e-01
-1.143772092441946390e-03
-4.451711267071656319e-01
-1.152520139470177354e-03
-4.657809406947368003e-01
-1.161638774622383158e-03
-4.865453527171332837e-01
-1.171139451802082369e-03
-5.074713647214730283e-01
-1.181034256963875385e-03
-5.285661967906298830e-01
-1.191335943796438535e-03
-5.498372994254965285e-01
-1.202057972039088192e-03
-5.712923665326129496e-01
-1.213214548647006301e-03
-5.929393491701158148e-01
-1.224820672040829832e-03
-6.147864701093761486e-01
-1.236892179699185940e-03
-6.368422392745273219e-01
-1.249445799378058608e-03
-6.591154701274124506e-01
-1.262499204269006700e-03
-6.816152970713200698e-01
-1.276071072439459095e-03
-7.043511939532928201e-01
-1.290181150933039124e-03
-7.273329937519383837e-01
-1.304850324946579387e-03
-7.505709095454393687e-01
-1.320100692543623626e-03
-7.740755568631353389e-01
-1.335955645412360490e-03
-7.978579775335981061e-01
-1.352439956229847676e-03
-8.219296651526915021e-01
-1.369579873254647305e-03
-8.463025923068302481e-01
-1.387403222837651053e-03
-8.709892396996623543e-01
-1.405939520616783121e-03
-8.960026273448497003e-01
-1.425220092246656106e-03
-9.213563480036780495e-01
-1.445278204610385853e-03
-9.470646030641702851e-01
-1.466149208569240579e-03
-9.731422410783108212e-01
-1.487870694428259548e-03
-9.996047991963430412e-01
-1.510482661434616770e-03
-1.026468547762009464e+00
-1.534027702782539285e-03
-1.053750538360645361e+00
-1.558551207776964504e-03
-1.081468655643357479e+00
-1.584101583010882061e-03
-1.109641673285800989e+00
-1.610730494642330455e-03
-1.138289314479824066e+00
-1.638493134120799083e-03
-1.167432317400947328e+00
-1.667448510014223756e-03
-1.197092506145287283e+00
-1.697659768933370335e-03
-1.227292867686750721e+00
-1.729194548947051314e-03
-1.258057635470183122e+00
-1.762125369337907499e-03
-1.289412380329910679e+00
-1.796530061074723145e-03
-1.321384109506984483e+00
-1.832492242985113168e-03
-1.354001374634055344e+00
-1.870101849316383163e-03
-1.387294389666200445e+00
-1.909455715189706942e-03
-1.421295159861178492e+00
-1.950658227403553099e-03
-1.456037623056283481e+00
-1.993822049151586576e-03
-1.491557804654387587e+00
-2.039068928517631923e-03
-1.527893987922296803e+00
-2.086530602131429421e-03
-1.565086901425086774e+00
-2.136349807157981139e-03
-1.603179925675478845e+00
-2.188681416902731568e-03
-1.642219321374268848e+00
-2.243693717810219413e-03
-1.682254481963698423e+00
-2.301569848594025181e-03
-1.723338213620095427e+00
-2.362509425759656313e-03
-1.765527046285873425e+00
-2.426730383989572984e-03
-1.808881579898238945e+00
-2.494471064901850228e-03
-1.853466870629083552e+00
-2.565992593757723990e-03
-1.899352862728252544e+00
-2.641581591012765254e-03
-1.946614872485982195e+00
-2.721553274476251009e-03
-1.995334131930983856e+00
-2.806255018635073206e-03
-2.045598401197619154e+00
-2.896070450884785825e-03
-2.097502660077218195e+00
-2.991424180592894711e-03
-2.151149891176184603e+00
-3.092787276871459407e-03
-2.206651969414047176e+00
-3.200683635653955861e-03
-2.264130675405869209e+00
-3.315697407448548253e-03
-2.323718853710122545e+00
-3.438481695665364900e-03
-2.385561741145588499e+00
-3.569768783908047922e-03
-2.449818495595270651e+00
-3.710382212015582958e-03
-2.516663962190942350e+00
-3.861251098851300849e-03
-2.586290721860089015e+00
-4.023427210114384651e-03
-2.658911477380803579e+00
-4.198105398900304867e-03
-2.734761844945732268e+00
-4.386648215058649644e-03
-2.814103635606740816e+00
-4.590615699935307777e-03
-2.897228731970739268e+00
-4.811801674387139113e-03
-2.984463692659860001e+00
-5.052278216042695343e-03
-3.076175252421344819e+00
-5.314450543552731547e-03
-3.172776932272617589e+00
-5.601125233942134962e-03
-3.274737035766802418e+00
-5.915595670925740367e-03
-3.382588390151336277e+00
-6.261749970038550835e-03
-3.496940303196729882e+00
-6.644208518805504171e-03
-3.618493359943361742e+00
-7.068500961173003298e-03
-3.748057897266521721e+00
-7.541296352433169738e-03
-3.886577288806680741e+00
-8.070705783029751348e-03
-4.035157613097146267e+00
-8.666685516668243272e-03
-4.195105876424768176e+00
-9.341581025451422063e-03
-4.367979894532513896e+00
-1.011087250064980451e-02
-4.555654299605214952e+00
-1.099421335815575600e-02
-4.760409251261644492e+00
-1.201690371664261396e-02
-4.985051745215232977e+00
-1.321202438665021635e-02
-5.233084764185366389e+00
-1.462359967425516313e-02
-5.508948410707544596e+00
-1.631140942085098494e-02
-5.818372452165802677e+00
-1.835853303076968868e-02
-6.168907021686203862e+00
-2.088359349340956211e-02
-6.570749224392665511e+00
-2.406145155025117902e-02
-7.038083743126171576e+00
-2.815990536281954768e-02
-7.591365584548145584e+00
-3.360866724393338917e-02
-8.261447188933543018e+00
-4.113863796191290223e-02
-9.097627283489426731e+00
-5.208989164556470514e-02
-1.018498481845027648e+01
-6.917935246995121634e-02
-1.168716728463475540e+01
-9.876008736762875717e-02
-1.397572525547055911e+01
-1.593606344165366950e-01
-1.818162386065684899e+01
-3.317015464199264962e-01
-3.159285314100824138e+01
-1.699665272101005042e+00
-5.136726051883302446e+00
-2.809541688923511771e+01
-8.642063100367171069e-01
-2.213998389432019920e+01
-3.614623489115140198e-01
-1.601321219803958940e+01
-2.860958765279035809e-01
-1.357028058018539518e+01
-2.560871383422412828e-01
-1.212334129047647480e+01
-2.412438549036083346e-01
-1.115132216385747199e+01
-2.332624181094955784e-01
-1.045383647787568115e+01
-2.289149787252944823e-01
-9.933751342436341503e+00
-2.266908638352081451e-01
-9.537471729106496099e+00
-2.257910096137652478e-01
-9.232857611274326359e+00
-2.257525476131820308e-01
-8.999538655241300589e+00
-2.262866745976703509e-01
-8.824156297397497184e+00
-2.272004732905453517e-01
-8.697834315429586738e+00
-2.283557913173096532e-01
-8.614762829055798932e+00
-2.296455995957473739e-01
-8.571389083707101619e+00
-2.309789549148034693e-01
-8.565970679897151996e+00
-2.322699704793599051e-01
-8.598372679796220552e+00
-2.334279764584132333e-01
-8.670059267509927281e+00
-2.343465428890739721e-01
-8.784278730254515111e+00
-2.348885687704674319e-01
-8.946488222763294473e+00
-2.348629098063329257e-01
-9.165132575069279142e+00
-2.339837963983759928e-01
-9.453013602086263845e+00
-2.317941038528251452e-01
-9.829739452646945708e+00
-2.275071374049108253e-01
-1.032632538054510718e+01
-2.196452847592353652e-01
-1.099450702200718233e+01
-2.050980251244644281e-01
-1.192767995649814949e+01
-1.761727876942885407e-01
-1.331557613500469195e+01
-1.082425856217593407e-01
-1.562373541360012119e+01
1.275516061005464996e-01
-2.048145455196734943e+01
4.893862913711056528e+00
-4.584264396988897516e+01
2.374289207697539794e+01
-1.525247223045783640e+00
1.540726040448805634e+01
-9.230357157002782031e-01
1.209528898294588117e+01
-7.944202121036419983e-01
1.018543439003529194e+01
-7.397922027406697021e-01
8.900138385715070655e+00
-7.088554905855120047e-01
7.957474212614449094e+00
-6.882520872134499923e-01
7.227012728469950353e+00
-6.730511034842315832e-01
6.638922217195154296e+00
-6.610414975031565499e-01
6.151944955107667923e+00
-6.510929176915485339e-01
5.739904560998265737e+00
-6.425695020969482973e-01
5.385269942642723073e+00
-6.350862583138655593e-01
5.075789985417579864e+00
-6.283959558774204757e-01
4.802604359065354878e+00
-6.223319611307683852e-01
4.559121100881079691e+00
-6.167773014945258092e-01
4.340318087443627348e+00
-6.116469530394301746e-01
4.142291153358611311e+00
-6.068772327682897538e-01
3.961951978073014580e+00
-6.024191790738298025e-01
3.796820386483173770e+00
-5.982342726738337779e-01
3.644877968111865041e+00
-5.942915924899501157e-01
3.504462699063565001e+00
-5.905658707959173803e-01
3.374191620751249232e+00
-5.870361320345521827e-01
3.252903139124555754e+00
-5.836847194107680492e-01
3.139613308388318202e+00
-5.804965851173166103e-01
3.033482254521792765e+00
-5.774587635282508735e-01
2.933788065673062384e+00
-5.745599737841075028e-01
2.839906258973006192e+00
-5.717903154673344979e-01
2.751293465689012230e+00
-5.691410323196116616e-01
2.667474345079526632e+00
-5.666043264246699573e-01
2.588030996303470666e+00
-5.641732103325954872e-01
2.512594322417392334e+00
-5.618413880715114050e-01
2.440836933933550945e+00
-5.596031584144343096e-01
2.372467277009503661e+00
-5.574533354831658905e-01
2.307224743539056711e+00
-5.553871829942109706e-01
2.244875574380494232e+00
-5.534003593525141929e-01
2.185209407707875418e+00
-5.514888714404010406e-01
2.128036355508475364e+00
-5.496490354445636717e-01
2.073184515106316628e+00
-5.478774434219131351e-01
2.020497841069251788e+00
-5.461709345832806983e-01
1.969834317283159830e+00
-5.445265704820880792e-01
1.921064380314930320e+00
-5.429416134587944365e-01
1.874069554162486551e+00
-5.414135078165903670e-01
1.828741263639075409e+00
-5.399398633027489014e-01
1.784979799368206832e+00
-5.385184405475792468e-01
1.742693411983551321e+00
-5.371471381745388518e-01
1.701797516869907323e+00
-5.358239813444312105e-01
1.662213993829593006e+00
-5.345471115362030456e-01
1.623870568553608340e+00
-5.333147773991581131e-01
1.586700264828979412e+00
-5.321253265373081520e-01
1.550640918109125410e+00
-5.309771981082964665e-01
1.515634742480310271e+00
-5.298689161368775880e-01
1.481627944228737004e+00
-5.287990834571610899e-01
1.448570376193324405e+00
-5.277663762112372314e-01
1.416415227911129060e+00
-5.267695388397234391e-01
1.385118747254992178e+00
-5.258073795116786631e-01
1.354639989850466408e+00
-5.248787659440589115e-01
1.324940593053499427e+00
-5.239826215715028823e-01
1.295984571696288556e+00
-5.231179220276288566e-01
1.267738133159497016e+00
-5.222836919267995759e-01
1.240169509669611037e+00
-5.214790018468201671e-01
1.213248805922644058e+00
-5.207029656173091103e-01
1.186947860440959790e+00
-5.199547377573690010e-01
1.161240119206942811e+00
-5.192335111257228020e-01
1.136100520315336704e+00
-5.185385147385219717e-01
1.111505388528103655e+00
-5.178690117436673956e-01
1.087432338742992499e+00
-5.172242975380826335e-01
1.063860187500795362e+00
-5.166036980164574466e-01
1.040768871753645630e+00
-5.160065679310337217e-01
1.018139374198581359e+00
-5.154322893831854158e-01
9.959536545650198303e-01
-5.148802703859927110e-01
9.741945862980287973e-01
-5.143499435400021857e-01
9.528458981532879069e-01
-5.138407647962069946e-01
9.318921202429417683e-01
-5.133522122726708048e-01
9.113185341654002070e-01
-5.128837851791355762e-01
8.911111268325750956e-01
-5.124350027828324938e-01
8.712565476916453999e-01
-5.120054034467779180e-01
8.517420690454433618e-01
-5.115945437246274263e-01
8.325555492115301881e-01
-5.112019975086457002e-01
8.136853982831258048e-01
-5.108273552279054552e-01
7.951205462783941247e-01
-5.104702230926945195e-01
7.768504134839369080e-01
-5.101302223821791992e-01
7.588648828166335569e-01
-5.098069887722461724e-01
7.411542740438391563e-01
-5.095001717009765008e-01
7.237093197164514713e-01
-5.092094337690531436e-01
7.065211426821937923e-01
-5.089344501730113102e-01
6.895812350585854844e-01
-5.086749081691490648e-01
6.728814385545831556e-01
-5.084305065660098544e-01
6.564139260407815257e-01
-5.082009552439039624e-01
6.401711842753076143e-01
-5.079859746995223357e-01
6.241459977012677740e-01
-5.077852956141879481e-01
6.083314332379796685e-01
-5.075986584443702432e-01
5.927208259950591529e-01
-5.074258130330335792e-01
5.773077658439542681e-01
-5.072665182405833306e-01
5.620860847868869303e-01
-5.071205415943792483e-01
5.470498450682172997e-01
-5.069876589555969426e-01
5.321933279759746283e-01
-5.068676542022020337e-01
5.175110232891431128e-01
-5.067603189278691023e-01
5.029976193248062444e-01
-5.066654521551684498e-01
4.886479935465438684e-01
-5.065828600624685540e-01
4.744572036967844575e-01
-5.065123557239947782e-01
4.604204794188575534e-01
-5.064537588620909858e-01
4.465332143371368856e-01
-5.064068956111282827e-01
4.327909585658961111e-01
-5.063715982923697734e-01
4.191894116196365205e-01
-5.063477051992897326e-01
4.057244156997002471e-01
-5.063350603927038174e-01
3.923919493337088560e-01
-5.063335135052287050e-01
3.791881213460790434e-01
-5.063429195546987893e-01
3.661091651391572555e-01
-5.063631387659587313e-01
3.531514332663907574e-01
-5.063940364004129169e-01
3.403113922798930435e-01
-5.064354825936167037e-01
3.275856178358013127e-01
-5.064873521994797123e-01
3.149707900426342300e-01
-5.065495246419632336e-01
3.024636890379878706e-01
-5.066218837726104152e-01
2.900611907666338363e-01
-5.067043177341278293e-01
2.777602630441332598e-01
-5.067967188338078355e-01
2.655579616052957670e-01
-5.068989834121090388e-01
2.534514266077986799e-01
-5.070110117303062713e-01
2.414378790999458513e-01
-5.071327078534477728e-01
2.295146177315370850e-01
-5.072639795416680197e-01
2.176790156025241174e-01
-5.074047381459109163e-01
2.059285172558330546e-01
-5.075548985070430508e-01
1.942606358038165837e-01
-5.077143788617299869e-01
1.826729501854108539e-01
-5.078831007489392757e-01
1.711631025426456620e-01
-5.080609889228769882e-01
1.597287957126181657e-01
-5.082479712685135098e-01
1.483677908281431645e-01
-5.084439787211041395e-01
1.370779050209474104e-01
-5.086489451883851043e-01
1.258570092227954129e-01
-5.088628074769280252e-01
1.147030260586613948e-01
-5.090855052208809184e-01
1.036139278276563824e-01
-5.093169808139734744e-01
9.258773456693858428e-02
-5.095571793442649211e-01
8.162251219447119732e-02
-5.098060485316558976e-01
7.071637072651815181e-02
-5.100635386679837069e-01
5.986746256610575578e-02
-5.103296025596087970e-01
4.907398085884301375e-02
-5.106041954724122034e-01
3.833415791284372487e-02
-5.108872750790707240e-01
2.764626367889594372e-02
-5.111788014086052767e-01
1.700860428941497471e-02
-5.114787367978106403e-01
6.419520650850718546e-03
-5.117870458451707627e-01
-4.122612910509526607e-03
-5.121036953661128877e-01
-1.461938995410971831e-02
-5.124286543507047265e-01
-2.507237318312827146e-02
-5.127618939227693851e-01
-3.548309565787244324e-02
-5.131033873008675750e-01
-4.585306196661509404e-02
-5.134531097609021932e-01
-5.618374935595477071e-02
-5.138110386002888719e-01
-6.647660882261707815e-02
-5.141771531039780463e-01
-7.673306616930886115e-02
-5.145514345100495879e-01
-8.695452302421696755e-02
-5.149338659813476049e-01
-9.714235782955171761e-02
-5.153244325722408092e-01
-1.072979267971009842e-01
-5.157231212012792776e-01
-1.174225648346658435e-01
-5.161299206232127235e-01
-1.275175864435539319e-01
-5.165448214025124551e-01
-1.375842865901140133e-01
-5.169678158879442709e-01
-1.476239415503700636e-01
-5.173988981880507376e-01
-1.576378097314351523e-01
-5.178380641478746993e-01
-1.676271324689097009e-01
-5.182853113265465383e-01
-1.775931348049998304e-01
-5.187406389745392588e-01
-1.875370262393718512e-01
-5.192040480151701720e-01
-1.974600014698540962e-01
-5.196755410216579163e-01
-2.073632411072783288e-01
-5.201551221996331131e-01
-2.172479123738059181e-01
-5.206427973661369446e-01
-2.271151697893029064e-01
-5.211385739366889425e-01
-2.369661558340950824e-01
-5.216424608972434207e-01
-2.468020016053509291e-01
-5.221544687965298248e-01
-2.566238274536358777e-01
-5.226746097236806277e-01
-2.664327436089508616e-01
-5.232028972920966803e-01
-2.762298507938807379e-01
-5.237393466222741711e-01
-2.860162408254860456e-01
-5.242839743246976436e-01
-2.957929972062806057e-01
-5.248367984824444665e-01
-3.055611957054399364e-01
-5.253978386335246276e-01
-3.153219049307047772e-01
-5.259671157527899821e-01
-3.250761868916647312e-01
-5.265446522331711510e-01
-3.348250975553553888e-01
-5.271304718660545507e-01
-3.445696873946162420e-01
-5.277245998207426014e-01
-3.543110019298193469e-01
-5.283270626225148314e-01
-3.640500822649670454e-01
-5.289378881292793322e-01
-3.737879656182655497e-01
-5.295571055061986110e-01
-3.835256858483975240e-01
-5.301847451984188497e-01
-3.932642739764462547e-01
-5.308208389010132811e-01
-4.030047587047203006e-01
-5.314654195257648706e-01
-4.127481669326810154e-01
-5.321185211648791213e-01
-4.224955242706165404e-01
-5.327801790501545121e-01
-4.322478555518213250e-01
-5.334504295075362945e-01
-4.420061853437280419e-01
-5.341293099060586691e-01
-4.517715384586106220e-01
-5.348168586003483327e-01
-4.615449404644765830e-01
-5.355131148654986850e-01
-4.713274181968201137e-01
-5.362181188232846285e-01
-4.811200002715600998e-01
-5.369319113580754976e-01
-4.909237176002204661e-01
-5.376545340210101553e-01
-5.007396039074778482e-01
-5.383860289201243265e-01
-5.105686962520583627e-01
-5.391264385944278814e-01
-5.204120355514333385e-01
-5.398758058689271389e-01
-5.302706671110535286e-01
-5.406341736874056281e-01
-5.401456411586802453e-01
-5.414015849189619534e-01
-5.500380133846369812e-01
-5.421780821336182887e-01
-5.599488454885721556e-01
-5.429637073413600135e-01
-5.698792057334624017e-01
-5.437585016875460253e-01
-5.798301695077081597e-01
-5.445625050966726999e-01
-5.898028198961435820e-01
-5.453757558539249484e-01
-5.997982482603129162e-01
-5.461982901122469647e-01
-6.098175548302374738e-01
-5.470301413096058107e-01
-6.198618493065738422e-01
-5.478713394769801903e-01
-6.299322514763141534e-01
-5.487219104135901970e-01
-6.400298918416507110e-01
-5.495818746993740289e-01
-6.501559122642330824e-01
-5.504512465066800919e-01
-6.603114666257194898e-01
-5.513300321633447520e-01
-6.704977215064987783e-01
-5.522182284053327450e-01
-6.807158568846100044e-01
-5.531158202393005041e-01
-6.909670668570730978e-01
-5.540227783111907334e-01
-7.012525603866465174e-01
-5.549390556443554168e-01
-7.115735620776343362e-01
-5.558645835658776457e-01
-7.219313129854565414e-01
-5.567992665777995454e-01
-7.323270714662983849e-01
-5.577429758433266604e-01
-7.427621140752846962e-01
-5.586955408347213936e-01
-7.532377365250959578e-01
-5.596567385124783245e-01
-7.637552547219393917e-01
-5.606262791460653316e-01
-7.743160059037079712e-01
-5.616037875012958036e-01
-7.849213499174846342e-01
-5.625887775360666199e-01
-7.955726706938311965e-01
-5.635806178456911342e-01
-8.062713780083963222e-01
-5.645784836771984283e-01
-8.170189096783094795e-01
-5.655812890332481135e-01
-8.278167344404195882e-01
-5.665875885679008128e-01
-8.386663559389274658e-01
-5.675954324429354214e-01
-8.495693185899952926e-01
-5.686021457560153092e-01
-8.605272167560384933e-01
-5.696039829340378002e-01
-8.715417100245574922e-01
-5.705955668823496918e-01
-8.826145503092625022e-01
-5.715689413366493721e-01
-8.937476330684285264e-01
-5.725118936891248067e-01
-9.049431002477794639e-01
-5.734048278500460949e-01
-9.162035570662081518e-01
-5.742146116234602138e-01
-9.275325097936170105e-01
-5.748820721827250235e-01
-9.389345922728888905e-01
-5.753001372156530957e-01
-9.503982207825023565e-01
-5.753739508774262656e-01
-9.603291325468905626e-01
-5.807422728910736076e-01
-1.002983490118917853e+00
-6.876804765676737263e-01
-9.857940060973422458e-01
-5.975174461338876863e-01
-9.970460231050052302e-01
-5.919477502831462790e-01
-1.008771201626980751e+00
-5.909205841484356236e-01
-1.020639436637499786e+00
-5.910771423184700835e-01
-1.032608051159358720e+00
-5.917144060024778218e-01
-1.044668017527899284e+00
-5.925977950177969689e-01
-1.056817736167454225e+00
-5.936275023967402253e-01
-1.069057907302041865e+00
-5.947541025108310508e-01
-1.081390128982328225e+00
-5.959504346088750903e-01
-1.093816423354124101e+00
-5.972004034078480794e-01
-1.106339051552890362e+00
-5.984939154966253394e-01
-1.118960433670916910e+00
-5.998243614657357003e-01
-1.131683111827458177e+00
-6.011872673673644973e-01
-1.144509732683755221e+00
-6.025795280152553834e-01
-1.157443039455247291e+00
-6.039989491511725817e-01
-1.170485868899579618e+00
-6.054439625829777238e-01
-1.183641151090273347e+00
-6.069134426521478609e-01
-1.196911910858212691e+00
-6.084065843889284730e-01
-1.210301270306012533e+00
-6.099228204914698415e-01
-1.223812452068348211e+00
-6.114617634596911655e-01
-1.237448783135122410e+00
-6.130231644502153188e-01
-1.251213699134250623e+00
-6.146068835025647603e-01
-1.265110749018289127e+00
-6.162128676578045861e-01
-1.279143600126114277e+00
-6.178411346571219820e-01
-1.293316043609409771e+00
-6.194917606519710906e-01
-1.307632000225050772e+00
-6.211648708428104682e-01
-1.322095526502426344e+00
-6.228606322862858535e-01
-1.336710821300991725e+00
-6.245792483292582631e-01
-1.351482232777835968e+00
-6.263209542784725636e-01
-1.366414265789221982e+00
-6.280860140197439545e-01
-1.381511589753541269e+00
-6.298747173750274264e-01
-1.396779047006685204e+00
-6.316873780390905857e-01
-1.412221661684274210e+00
-6.335243319763806946e-01
-1.427844649168683144e+00
-6.353859361871376787e-01
-1.443653426142654572e+00
-6.372725677729774718e-01
-1.459653621295143644e+00
-6.391846232480542511e-01
-1.475851086729545347e+00
-6.411225180538822066e-01
-1.492251910129061887e+00
-6.430866862451302124e-01
-1.508862427739133150e+00
-6.450775803207295933e-01
-1.525689238232579292e+00
-6.470956711801870709e-01
-1.542739217529382145e+00
-6.491414481892734401e-01
-1.560019534649877748e+00
-6.512154193427350801e-01
-1.577537668687907679e+00
-6.533181115143612550e-01
-1.595301426998868122e+00
-6.554500707870017928e-01
-1.613318964707276315e+00
-6.576118628569189717e-01
-1.631598805648633466e+00
-6.598040735083638975e-01
-1.650149864872673122e+00
-6.620273091555364253e-01
-1.668981472412558009e+00
-6.642821971361245748e-01
-1.688103401673539672e+00
-6.665693884673286052e-01
-1.707525892936300194e+00
-6.688895528851530603e-01
-1.727259687405985566e+00
-6.712433878716982383e-01
-1.747316059094245810e+00
-6.736316134192592564e-01
-1.767706850085973169e+00
-6.760549729737468372e-01
-1.788444510042700664e+00
-6.785142408984399243e-01
-1.809542133685664078e+00
-6.810102132861256541e-01
-1.831013509812313922e+00
-6.835437192278067675e-01
-1.852873169028927958e+00
-6.861156155826022562e-01
-1.875136438580241593e+00
-6.887267892217749932e-01
-1.897819495965493708e+00
-6.913781636647519102e-01
-1.920939437793849791e+00
-6.940706919597646740e-01
-1.944514344039493192e+00
-6.968053646235927712e-01
-1.968563357720170437e+00
-6.995832105983651461e-01
-1.993106762381310793e+00
-7.024052977116316265e-01
-2.018166081011097734e+00
-7.052727348620435599e-01
-2.043764168046189766e+00
-7.081866742514875135e-01
-2.069925324498467667e+00
-7.111483152807107633e-01
-2.096675414896167933e+00
-7.141589063477123966e-01
-2.124042007220949380e+00
-7.172197457024775957e-01
-2.152054515059071971e+00
-7.203321867742674689e-01
-2.180744366726258932e+00
-7.234976412815657953e-01
-2.210145183698562832e+00
-7.267175826667311433e-01
-2.240292989336905016e+00
-7.299935485239315014e-01
-2.271226431494931752e+00
-7.333271463988957350e-01
-2.302987038202120029e+00
-7.367200595168067467e-01
-2.335619502497042976e+00
-7.401740482327506809e-01
-2.369172001757513968e+00
-7.436909604842597554e-01
-2.403696558592463450e+00
-7.472727343543186240e-01
-2.439249448579877466e+00
-7.509214078572938877e-01
-2.475891658985340804e+00
-7.546391245032896267e-01
-2.513689415044277009e+00
-7.584281438619758786e-01
-2.552714776157966270e+00
-7.622908517628684821e-01
-2.593046317345627294e+00
-7.662297694937791892e-01
-2.634769912852654272e+00
-7.702475687972313301e-01
-2.677979636786202100e+00
-7.743470863260533132e-01
-2.722778802917359631e+00
-7.785313389460708500e-01
-2.769281172476795838e+00
-7.828035449236829812e-01
-2.817612359107740438e+00
-7.871671465017077152e-01
-2.867911473116938392e+00
-7.916258350974896274e-01
-2.920333053136575430e+00
-7.961835842930653495e-01
-2.975049346931861294e+00
-8.008446857240213435e-01
-3.032253019881510525e+00
-8.056137944140263629e-01
-3.092160386688925122e+00
-8.104959813665946200e-01
-3.155015291733684890e+00
-8.154967996472179959e-01
-3.221093798466296398e+00
-8.206223631556118780e-01
-3.290709893918878137e+00
-8.258794459759711826e-01
-3.364222478546916584e+00
-8.312756053837832004e-01
-3.442043999893879214e+00
-8.368193379694499612e-01
-3.524651207060333746e+00
-8.425202786284600176e-01
-3.612598669311315458e+00
-8.483894580225711524e-01
-3.706535942786438387e+00
-8.544396402667494561e-01
-3.807229607026952678e+00
-8.606857707154429438e-01
-3.915591896033692176e+00
-8.671455808259068698e-01
-4.032718390668271091e+00
-8.738404165636457499e-01
-4.159938373107721965e+00
-8.807963957212651129e-01
-4.298883201605439908e+00
-8.880460553681780445e-01
-4.451580867746028680e+00
-8.956307512841100715e-01
-4.620589488072038620e+00
-9.036042389986780332e-01
-4.809190240945484973e+00
-9.120381721814766474e-01
-5.021673850712549125e+00
-9.210308204325079462e-01
-5.263779529889653475e+00
-9.307214173053547368e-01
-5.543392805259053091e+00
-9.413148336910575065e-01
-5.871704974142086364e+00
-9.531262888599159044e-01
-6.265246006314841409e+00
-9.666677181646176065e-01
-6.749696297692535651e+00
-9.828284834042212426e-01
-7.367678812984934211e+00
-1.003294596745368805e+00
-8.196648229739713187e+00
-1.031666835680345340e+00
-9.397368541117767649e+00
-1.077108032449922481e+00
-1.138466496088257607e+01
-1.170802049403541156e+00
-1.582946960266166059e+01
-1.510078980704982143e+00
