-1.000000000000000000e+01
1.000000000000000021e-03
-9.979979979979979987e+00
1.000000000000000021e-03
-9.959959959959959974e+00
1.000000000000000021e-03
-9.939939939939939961e+00
1.000000000000000021e-03
-9.919919919919919948e+00
1.000000000000000021e-03
-9.899899899899899935e+00
1.000000000000000021e-03
-9.879879879879879923e+00
1.000000000000000021e-03
-9.859859859859859910e+00
1.000000000000000021e-03
-9.839839839839839897e+00
1.000000000000000021e-03
-9.819819819819819884e+00
1.000000000000000021e-03
-9.799799799799799871e+00
1.000000000000000021e-03
-9.779779779779779858e+00
1.000000000000000021e-03
-9.759759759759759845e+00
1.000000000000000021e-03
-9.739739739739739832e+00
1.000000000000000021e-03
-9.719719719719719819e+00
1.000000000000000021e-03
-9.699699699699699806e+00
1.000000000000000021e-03
-9.679679679679679793e+00
1.000000000000000021e-03
-9.659659659659659781e+00
1.000000000000000021e-03
-9.639639639639639768e+00
1.000000000000000021e-03
-9.619619619619619755e+00
1.000000000000000021e-03
-9.599599599599599742e+00
1.000000000000000021e-03
-9.579579579579579729e+00
1.000000000000000021e-03
-9.559559559559559716e+00
1.000000000000000021e-03
-9.539539539539539703e+00
1.000000000000000021e-03
-9.519519519519519690e+00
1.000000000000000021e-03
-9.499499499499499677e+00
1.000000000000000021e-03
-9.479479479479479664e+00
1.000000000000000021e-03
-9.459459459459459651e+00
1.000000000000000021e-03
-9.439439439439439639e+00
1.000000000000000021e-03
-9.419419419419419626e+00
1.000000000000000021e-03
-9.399399399399399613e+00
1.000000000000000021e-03
-9.379379379379379600e+00
1.000000000000000021e-03
-9.359359359359359587e+00
1.000000000000000021e-03
-9.339339339339339574e+00
1.000000000000000021e-03
-9.319319319319319561e+00
1.000000000000000021e-03
-9.299299299299299548e+00
1.000000000000000021e-03
-9.279279279279279535e+00
1.000000000000000021e-03
-9.259259259259259522e+00
1.000000000000000021e-03
-9.239239239239239510e+00
1.000000000000000021e-03
-9.219219219219219497e+00
1.000000000000000021e-03
-9.199199199199199484e+00
1.000000000000000021e-03
-9.179179179179179471e+00
1.000000000000000021e-03
-9.159159159159159458e+00
1.000000000000000021e-03
-9.139139139139139445e+00
1.000000000000000021e-03
-9.119119119119119432e+00
1.000000000000000021e-03
-9.099099099099099419e+00
1.000000000000000021e-03
-9.079079079079079406e+00
1.000000000000000021e-03
-9.059059059059059393e+00
1.000000000000000021e-03
-9.039039039039039380e+00
1.000000000000000021e-03
-9.019019019019019368e+00
1.000000000000000021e-03
-8.998998998998999355e+00
1.000000000000000021e-03
-8.978978978978979342e+00
1.000000000000000021e-03
-8.958958958958959329e+00
1.000000000000000021e-03
-8.938938938938939316e+00
1.000000000000000021e-03
-8.918918918918919303e+00
1.000000000000000021e-03
-8.898898898898899290e+00
1.000000000000000021e-03
-8.878878878878879277e+00
1.000000000000000021e-03
-8.858858858858859264e+00
1.000000000000000021e-03
-8.838838838838839251e+00
1.000000000000000021e-03
-8.818818818818819238e+00
1.000000000000000021e-03
-8.798798798798799226e+00
1.000000000000000021e-03
-8.778778778778779213e+00
1.000000000000000021e-03
-8.758758758758759200e+00
1.000000000000000021e-03
-8.738738738738739187e+00
1.000000000000000021e-03
-8.718718718718719174e+00
1.000000000000000021e-03
-8.698698698698699161e+00
1.000000000000000021e-03
-8.678678678678679148e+00
1.000000000000000021e-03
-8.658658658658659135e+00
1.000000000000000021e-03
-8.638638638638639122e+00
1.000000000000000021e-03
-8.618618618618619109e+00
1.000000000000000021e-03
-8.598598598598599096e+00
1.000000000000000021e-03
-8.578578578578579084e+00
1.000000000000000021e-03
-8.558558558558559071e+00
1.000000000000000021e-03
-8.538538538538539058e+00
1.000000000000000021e-03
-8.518518518518519045e+00
1.000000000000000021e-03
-8.498498498498499032e+00
1.000000000000000021e-03
-8.478478478478479019e+00
1.000000000000000021e-03
-8.458458458458459006e+00
1.000000000000000021e-03
-8.438438438438438993e+00
1.000000000000000021e-03
-8.418418418418418980e+00
1.000000000000000021e-03
-8.398398398398398967e+00
1.000000000000000021e-03
-8.378378378378378954e+00
1.000000000000000021e-03
-8.358358358358358942e+00
1.000000000000000021e-03
-8.338338338338338929e+00
1.000000000000000021e-03
-8.318318318318318916e+00
1.000000000000000021e-03
-8.298298298298298903e+00
1.000000000000000021e-03
-8.278278278278278890e+00
1.000000000000000021e-03
-8.258258258258258877e+00
1.000000000000000021e-03
-8.238238238238238864e+00
1.000000000000000021e-03
-8.218218218218218851e+00
1.000000000000000021e-03
-8.198198198198198838e+00
1.000000000000000021e-03
-8.178178178178178825e+00
1.000000000000000021e-03
-8.158158158158158813e+00
1.000000000000000021e-03
-8.138138138138138800e+00
1.000000000000000021e-03
-8.118118118118118787e+00
1.000000000000000021e-03
-8.098098098098098774e+00
1.000000000000000021e-03
-8.078078078078078761e+00
1.000000000000000021e-03
-8.058058058058058748e+00
1.000000000000000021e-03
-8.038038038038038735e+00
1.000000000000000021e-03
-8.018018018018018722e+00
1.000000000000000021e-03
-7.997997997997997821e+00
1.000000000000000021e-03
-7.977977977977977808e+00
1.000000000000000021e-03
-7.957957957957957795e+00
1.000000000000000021e-03
-7.937937937937937782e+00
1.000000000000000021e-03
-7.917917917917917769e+00
1.000000000000000021e-03
-7.897897897897897757e+00
1.000000000000000021e-03
-7.877877877877877744e+00
1.000000000000000021e-03
-7.857857857857857731e+00
1.000000000000000021e-03
-7.837837837837837718e+00
1.000000000000000021e-03
-7.817817817817817705e+00
1.000000000000000021e-03
-7.797797797797797692e+00
1.000000000000000021e-03
-7.777777777777777679e+00
1.000000000000000021e-03
-7.757757757757757666e+00
1.000000000000000021e-03
-7.737737737737737653e+00
1.000000000000000021e-03
-7.717717717717717640e+00
1.000000000000000021e-03
-7.697697697697697627e+00
1.000000000000000021e-03
-7.677677677677677615e+00
1.000000000000000021e-03
-7.657657657657657602e+00
1.000000000000000021e-03
-7.637637637637637589e+00
1.000000000000000021e-03
-7.617617617617617576e+00
1.000000000000000021e-03
-7.597597597597597563e+00
1.000000000000000021e-03
-7.577577577577577550e+00
1.000000000000000021e-03
-7.557557557557557537e+00
1.000000000000000021e-03
-7.537537537537537524e+00
1.000000000000000021e-03
-7.517517517517517511e+00
1.000000000000000021e-03
-7.497497497497497498e+00
1.000000000000000021e-03
-7.477477477477477485e+00
1.000000000000000021e-03
-7.457457457457457473e+00
1.000000000000000021e-03
-7.437437437437437460e+00
1.000000000000000021e-03
-7.417417417417417447e+00
1.000000000000000021e-03
-7.397397397397397434e+00
1.000000000000000021e-03
-7.377377377377377421e+00
1.000000000000000021e-03
-7.357357357357357408e+00
1.000000000000000021e-03
-7.337337337337337395e+00
1.000000000000000021e-03
-7.317317317317317382e+00
1.000000000000000021e-03
-7.297297297297297369e+00
1.000000000000000021e-03
-7.277277277277277356e+00
1.000000000000000021e-03
-7.257257257257257343e+00
1.000000000000000021e-03
-7.237237237237237331e+00
1.000000000000000021e-03
-7.217217217217217318e+00
1.000000000000000021e-03
-7.197197197197197305e+00
1.000000000000000021e-03
-7.177177177177177292e+00
1.000000000000000021e-03
-7.157157157157157279e+00
1.000000000000000021e-03
-7.137137137137137266e+00
1.000000000000000021e-03
-7.117117117117117253e+00
1.000000000000000021e-03
-7.097097097097097240e+00
1.000000000000000021e-03
-7.077077077077077227e+00
1.000000000000000021e-03
-7.057057057057057214e+00
1.000000000000000021e-03
-7.037037037037037202e+00
1.000000000000000021e-03
-7.017017017017017189e+00
1.000000000000000021e-03
-6.996996996996997176e+00
1.000000000000000021e-03
-6.976976976976977163e+00
1.000000000000000021e-03
-6.956956956956957150e+00
1.000000000000000021e-03
-6.936936936936937137e+00
1.000000000000000021e-03
-6.916916916916917124e+00
1.000000000000000021e-03
-6.896896896896897111e+00
1.000000000000000021e-03
-6.876876876876877098e+00
1.000000000000000021e-03
-6.856856856856857085e+00
1.000000000000000021e-03
-6.836836836836837072e+00
1.000000000000000021e-03
-6.816816816816817060e+00
1.000000000000000021e-03
-6.796796796796797047e+00
1.000000000000000021e-03
-6.776776776776776146e+00
1.000000000000000021e-03
-6.756756756756756133e+00
1.000000000000000021e-03
-6.736736736736736120e+00
1.000000000000000021e-03
-6.716716716716716107e+00
1.000000000000000021e-03
-6.696696696696696094e+00
1.000000000000000021e-03
-6.676676676676676081e+00
1.000000000000000021e-03
-6.656656656656656068e+00
1.000000000000000021e-03
-6.636636636636636055e+00
1.000000000000000021e-03
-6.616616616616616042e+00
1.000000000000000021e-03
-6.596596596596596029e+00
1.000000000000000021e-03
-6.576576576576576016e+00
1.000000000000000021e-03
-6.556556556556556004e+00
1.000000000000000021e-03
-6.536536536536535991e+00
1.000000000000000021e-03
-6.516516516516515978e+00
1.000000000000000021e-03
-6.496496496496495965e+00
1.000000000000000021e-03
-6.476476476476475952e+00
1.000000000000000021e-03
-6.456456456456455939e+00
1.000000000000000021e-03
-6.436436436436435926e+00
1.000000000000000021e-03
-6.416416416416415913e+00
1.000000000000000021e-03
-6.396396396396395900e+00
1.000000000000000021e-03
-6.376376376376375887e+00
1.000000000000000021e-03
-6.356356356356355874e+00
1.000000000000000021e-03
-6.336336336336335862e+00
1.000000000000000021e-03
-6.316316316316315849e+00
1.000000000000000021e-03
-6.296296296296295836e+00
1.000000000000000021e-03
-6.276276276276275823e+00
1.000000000000000021e-03
-6.256256256256255810e+00
1.000000000000000021e-03
-6.236236236236235797e+00
1.000000000000000021e-03
-6.216216216216215784e+00
1.000000000000000021e-03
-6.196196196196195771e+00
1.000000000000000021e-03
-6.176176176176175758e+00
1.000000000000000021e-03
-6.156156156156155745e+00
1.000000000000000021e-03
-6.136136136136135732e+00
1.000000000000000021e-03
-6.116116116116115720e+00
1.000000000000000021e-03
-6.096096096096095707e+00
1.000000000000000021e-03
-6.076076076076075694e+00
1.000000000000000021e-03
-6.056056056056055681e+00
1.000000000000000021e-03
-6.036036036036035668e+00
1.000000000000000021e-03
-6.016016016016015655e+00
1.000000000000000021e-03
-5.995995995995995642e+00
1.000000000000000021e-03
-5.975975975975975629e+00
1.000000000000000021e-03
-5.955955955955955616e+00
1.000000000000000021e-03
-5.935935935935935603e+00
1.000000000000000021e-03
-5.915915915915915591e+00
1.000000000000000021e-03
-5.895895895895895578e+00
1.000000000000000021e-03
-5.875875875875875565e+00
1.000000000000000021e-03
-5.855855855855855552e+00
1.000000000000000021e-03
-5.835835835835835539e+00
1.000000000000000021e-03
-5.815815815815815526e+00
1.000000000000000021e-03
-5.795795795795795513e+00
1.000000000000000021e-03
-5.775775775775775500e+00
1.000000000000000021e-03
-5.755755755755755487e+00
1.000000000000000021e-03
-5.735735735735735474e+00
1.000000000000000021e-03
-5.715715715715715461e+00
1.000000000000000021e-03
-5.695695695695695449e+00
1.000000000000000021e-03
-5.675675675675675436e+00
1.000000000000000021e-03
-5.655655655655655423e+00
1.000000000000000021e-03
-5.635635635635635410e+00
1.000000000000000021e-03
-5.615615615615615397e+00
1.000000000000000021e-03
-5.595595595595595384e+00
1.000000000000000021e-03
-5.575575575575575371e+00
1.000000000000000021e-03
-5.555555555555555358e+00
1.000000000000000021e-03
-5.535535535535535345e+00
1.000000000000000021e-03
-5.515515515515515332e+00
1.000000000000000021e-03
-5.495495495495495319e+00
1.000000000000000021e-03
-5.475475475475475307e+00
1.000000000000000021e-03
-5.455455455455455294e+00
1.000000000000000021e-03
-5.435435435435435281e+00
1.000000000000000021e-03
-5.415415415415415268e+00
1.000000000000000021e-03
-5.395395395395395255e+00
1.000000000000000021e-03
-5.375375375375375242e+00
1.000000000000000021e-03
-5.355355355355355229e+00
1.000000000000000021e-03
-5.335335335335335216e+00
1.000000000000000021e-03
-5.315315315315315203e+00
1.000000000000000021e-03
-5.295295295295295190e+00
1.000000000000000021e-03
-5.275275275275275177e+00
1.000000000000000021e-03
-5.255255255255255165e+00
1.000000000000000021e-03
-5.235235235235235152e+00
1.000000000000000021e-03
-5.215215215215215139e+00
1.000000000000000021e-03
-5.195195195195195126e+00
1.000000000000000021e-03
-5.175175175175175113e+00
1.000000000000000021e-03
-5.155155155155155100e+00
1.000000000000000021e-03
-5.135135135135135087e+00
1.000000000000000021e-03
-5.115115115115115074e+00
1.000000000000000021e-03
-5.095095095095095061e+00
1.000000000000000021e-03
-5.075075075075075048e+00
1.000000000000000021e-03
-5.055055055055055035e+00
1.000000000000000021e-03
-5.035035035035035023e+00
1.000000000000000021e-03
-5.015015015015015010e+00
1.000000000000000021e-03
-4.994994994994994997e+00
1.000000000000000021e-03
-4.974974974974974984e+00
1.000000000000000021e-03
-4.954954954954954971e+00
1.000000000000000021e-03
-4.934934934934934958e+00
1.000000000000000021e-03
-4.914914914914914945e+00
1.000000000000000021e-03
-4.894894894894894932e+00
1.000000000000000021e-03
-4.874874874874874919e+00
1.000000000000000021e-03
-4.854854854854854906e+00
1.000000000000000021e-03
-4.834834834834834894e+00
1.000000000000000021e-03
-4.814814814814814881e+00
1.000000000000000021e-03
-4.794794794794794868e+00
1.000000000000000021e-03
-4.774774774774774855e+00
1.000000000000000021e-03
-4.754754754754754842e+00
1.000000000000000021e-03
-4.734734734734734829e+00
1.000000000000000021e-03
-4.714714714714714816e+00
1.000000000000000021e-03
-4.694694694694694803e+00
1.000000000000000021e-03
-4.674674674674674790e+00
1.000000000000000021e-03
-4.654654654654654777e+00
1.000000000000000021e-03
-4.634634634634634764e+00
1.000000000000000021e-03
-4.614614614614614752e+00
1.000000000000000021e-03
-4.594594594594594739e+00
1.000000000000000021e-03
-4.574574574574574726e+00
1.000000000000000021e-03
-4.554554554554554713e+00
1.000000000000000021e-03
-4.534534534534534700e+00
1.000000000000000021e-03
-4.514514514514514687e+00
1.000000000000000021e-03
-4.494494494494494674e+00
1.000000000000000021e-03
-4.474474474474474661e+00
1.000000000000000021e-03
-4.454454454454454648e+00
1.000000000000000021e-03
-4.434434434434434635e+00
1.000000000000000021e-03
-4.414414414414414622e+00
1.000000000000000021e-03
-4.394394394394394610e+00
1.000000000000000021e-03
-4.374374374374374597e+00
1.000000000000000021e-03
-4.354354354354354584e+00
1.000000000000000021e-03
-4.334334334334334571e+00
1.000000000000000021e-03
-4.314314314314314558e+00
1.000000000000000021e-03
-4.294294294294294545e+00
1.000000000000000021e-03
-4.274274274274274532e+00
1.000000000000000021e-03
-4.254254254254254519e+00
1.000000000000000021e-03
-4.234234234234234506e+00
1.000000000000000021e-03
-4.214214214214214493e+00
1.000000000000000021e-03
-4.194194194194194480e+00
1.000000000000000021e-03
-4.174174174174174468e+00
1.000000000000000021e-03
-4.154154154154154455e+00
1.000000000000000021e-03
-4.134134134134134442e+00
1.000000000000000021e-03
-4.114114114114114429e+00
1.000000000000000021e-03
-4.094094094094094416e+00
1.000000000000000021e-03
-4.074074074074074403e+00
1.000000000000000021e-03
-4.054054054054054390e+00
1.000000000000000021e-03
-4.034034034034034377e+00
1.000000000000000021e-03
-4.014014014014014364e+00
1.000000000000000021e-03
-3.993993993993994351e+00
1.000000000000000021e-03
-3.973973973973974338e+00
1.000000000000000021e-03
-3.953953953953954326e+00
1.000000000000000021e-03
-3.933933933933934313e+00
1.000000000000000021e-03
-3.913913913913914300e+00
1.000000000000000021e-03
-3.893893893893894287e+00
1.000000000000000021e-03
-3.873873873873874274e+00
1.000000000000000021e-03
-3.853853853853854261e+00
1.000000000000000021e-03
-3.833833833833834248e+00
1.000000000000000021e-03
-3.813813813813814235e+00
1.000000000000000021e-03
-3.793793793793794222e+00
1.000000000000000021e-03
-3.773773773773774209e+00
1.000000000000000021e-03
-3.753753753753754197e+00
1.000000000000000021e-03
-3.733733733733734184e+00
1.000000000000000021e-03
-3.713713713713714171e+00
1.000000000000000021e-03
-3.693693693693694158e+00
1.000000000000000021e-03
-3.673673673673674145e+00
1.000000000000000021e-03
-3.653653653653654132e+00
1.000000000000000021e-03
-3.633633633633634119e+00
1.000000000000000021e-03
-3.613613613613614106e+00
1.000000000000000021e-03
-3.593593593593594093e+00
1.000000000000000021e-03
-3.573573573573573192e+00
1.000000000000000021e-03
-3.553553553553553179e+00
1.000000000000000021e-03
-3.533533533533533166e+00
1.000000000000000021e-03
-3.513513513513513153e+00
1.000000000000000021e-03
-3.493493493493493141e+00
1.000000000000000021e-03
-3.473473473473473128e+00
1.000000000000000021e-03
-3.453453453453453115e+00
1.000000000000000021e-03
-3.433433433433433102e+00
1.000000000000000021e-03
-3.413413413413413089e+00
1.000000000000000021e-03
-3.393393393393393076e+00
1.000000000000000021e-03
-3.373373373373373063e+00
1.000000000000000021e-03
-3.353353353353353050e+00
1.000000000000000021e-03
-3.333333333333333037e+00
1.000000000000000021e-03
-3.313313313313313024e+00
1.000000000000000021e-03
-3.293293293293293011e+00
1.000000000000000021e-03
-3.273273273273272999e+00
1.000000000000000021e-03
-3.253253253253252986e+00
1.000000000000000021e-03
-3.233233233233232973e+00
1.000000000000000021e-03
-3.213213213213212960e+00
1.000000000000000021e-03
-3.193193193193192947e+00
1.000000000000000021e-03
-3.173173173173172934e+00
1.000000000000000021e-03
-3.153153153153152921e+00
1.000000000000000021e-03
-3.133133133133132908e+00
1.000000000000000021e-03
-3.113113113113112895e+00
1.000000000000000021e-03
-3.093093093093092882e+00
1.000000000000000021e-03
-3.073073073073072869e+00
1.000000000000000021e-03
-3.053053053053052857e+00
1.000000000000000021e-03
-3.033033033033032844e+00
1.000000000000000021e-03
-3.013013013013012831e+00
1.000000000000000021e-03
-2.992992992992992818e+00
1.000000000000000021e-03
-2.972972972972972805e+00
1.000000000000000021e-03
-2.952952952952952792e+00
1.000000000000000021e-03
-2.932932932932932779e+00
1.000000000000000021e-03
-2.912912912912912766e+00
1.000000000000000021e-03
-2.892892892892892753e+00
1.000000000000000021e-03
-2.872872872872872740e+00
1.000000000000000021e-03
-2.852852852852852727e+00
1.000000000000000021e-03
-2.832832832832832715e+00
1.000000000000000021e-03
-2.812812812812812702e+00
1.000000000000000021e-03
-2.792792792792792689e+00
1.000000000000000021e-03
-2.772772772772772676e+00
1.000000000000000021e-03
-2.752752752752752663e+00
1.000000000000000021e-03
-2.732732732732732650e+00
1.000000000000000021e-03
-2.712712712712712637e+00
1.000000000000000021e-03
-2.692692692692692624e+00
1.000000000000000021e-03
-2.672672672672672611e+00
1.000000000000000021e-03
-2.652652652652652598e+00
1.000000000000000021e-03
-2.632632632632632586e+00
1.000000000000000021e-03
-2.612612612612612573e+00
1.000000000000000021e-03
-2.592592592592592560e+00
1.000000000000000021e-03
-2.572572572572572547e+00
1.000000000000000021e-03
-2.552552552552552534e+00
1.000000000000000021e-03
-2.532532532532532521e+00
1.000000000000000021e-03
-2.512512512512512508e+00
1.000000000000000021e-03
-2.492492492492492495e+00
1.000000000000000021e-03
-2.472472472472472482e+00
1.000000000000000021e-03
-2.452452452452452469e+00
1.000000000000000021e-03
-2.432432432432432456e+00
1.000000000000000021e-03
-2.412412412412412444e+00
1.000000000000000021e-03
-2.392392392392392431e+00
1.000000000000000021e-03
-2.372372372372372418e+00
1.000000000000000021e-03
-2.352352352352352405e+00
1.000000000000000021e-03
-2.332332332332332392e+00
1.000000000000000021e-03
-2.312312312312312379e+00
1.000000000000000021e-03
-2.292292292292292366e+00
1.000000000000000021e-03
-2.272272272272272353e+00
1.000000000000000021e-03
-2.252252252252252340e+00
1.000000000000000021e-03
-2.232232232232232327e+00
1.000000000000000021e-03
-2.212212212212212314e+00
1.000000000000000021e-03
-2.192192192192192302e+00
1.000000000000000021e-03
-2.172172172172172289e+00
1.000000000000000021e-03
-2.152152152152152276e+00
1.000000000000000021e-03
-2.132132132132132263e+00
1.000000000000000021e-03
-2.112112112112112250e+00
1.000000000000000021e-03
-2.092092092092092237e+00
1.000000000000000021e-03
-2.072072072072072224e+00
1.000000000000000021e-03
-2.052052052052052211e+00
1.000000000000000021e-03
-2.032032032032032198e+00
1.000000000000000021e-03
-2.012012012012012185e+00
1.000000000000000021e-03
-1.991991991991991284e+00
1.000000000000000021e-03
-1.971971971971971271e+00
1.000000000000000021e-03
-1.951951951951951258e+00
1.000000000000000021e-03
-1.931931931931931246e+00
1.000000000000000021e-03
-1.911911911911911233e+00
1.000000000000000021e-03
-1.891891891891891220e+00
1.000000000000000021e-03
-1.871871871871871207e+00
1.000000000000000021e-03
-1.851851851851851194e+00
1.000000000000000021e-03
-1.831831831831831181e+00
1.000000000000000021e-03
-1.811811811811811168e+00
1.000000000000000021e-03
-1.791791791791791155e+00
1.000000000000000021e-03
-1.771771771771771142e+00
1.000000000000000021e-03
-1.751751751751751129e+00
1.000000000000000021e-03
-1.731731731731731116e+00
1.000000000000000021e-03
-1.711711711711711104e+00
1.000000000000000021e-03
-1.691691691691691091e+00
1.000000000000000021e-03
-1.671671671671671078e+00
1.000000000000000021e-03
-1.651651651651651065e+00
1.000000000000000021e-03
-1.631631631631631052e+00
1.000000000000000021e-03
-1.611611611611611039e+00
1.000000000000000021e-03
-1.591591591591591026e+00
1.000000000000000021e-03
-1.571571571571571013e+00
1.000000000000000021e-03
-1.551551551551551000e+00
1.000000000000000021e-03
-1.531531531531530987e+00
1.000000000000000021e-03
-1.511511511511510975e+00
1.000000000000000021e-03
-1.491491491491490962e+00
1.000000000000000021e-03
-1.471471471471470949e+00
1.000000000000000021e-03
-1.451451451451450936e+00
1.000000000000000021e-03
-1.431431431431430923e+00
1.000000000000000021e-03
-1.411411411411410910e+00
1.000000000000000021e-03
-1.391391391391390897e+00
1.000000000000000021e-03
-1.371371371371370884e+00
1.000000000000000021e-03
-1.351351351351350871e+00
1.000000000000000021e-03
-1.331331331331330858e+00
1.000000000000000021e-03
-1.311311311311310845e+00
1.000000000000000021e-03
-1.291291291291290833e+00
1.000000000000000021e-03
-1.271271271271270820e+00
1.000000000000000021e-03
-1.251251251251250807e+00
1.000000000000000021e-03
-1.231231231231230794e+00
1.000000000000000021e-03
-1.211211211211210781e+00
1.000000000000000021e-03
-1.191191191191190768e+00
1.000000000000000021e-03
-1.171171171171170755e+00
1.000000000000000021e-03
-1.151151151151150742e+00
1.000000000000000021e-03
-1.131131131131130729e+00
1.000000000000000021e-03
-1.111111111111110716e+00
1.000000000000000021e-03
-1.091091091091090703e+00
1.000000000000000021e-03
-1.071071071071070691e+00
1.000000000000000021e-03
-1.051051051051050678e+00
1.000000000000000021e-03
-1.031031031031030665e+00
1.000000000000000021e-03
-1.011011011011010652e+00
1.000000000000000021e-03
-9.909909909909906389e-01
1.000000000000000021e-03
-9.709709709709706260e-01
1.000000000000000021e-03
-9.509509509509506131e-01
1.000000000000000021e-03
-9.309309309309306002e-01
1.000000000000000021e-03
-9.109109109109105873e-01
1.000000000000000021e-03
-8.908908908908905744e-01
1.000000000000000021e-03
-8.708708708708705615e-01
1.000000000000000021e-03
-8.508508508508505486e-01
1.000000000000000021e-03
-8.308308308308305357e-01
1.000000000000000021e-03
-8.108108108108105228e-01
1.000000000000000021e-03
-7.907907907907905098e-01
1.000000000000000021e-03
-7.707707707707704969e-01
1.000000000000000021e-03
-7.507507507507504840e-01
1.000000000000000021e-03
-7.307307307307304711e-01
1.000000000000000021e-03
-7.107107107107104582e-01
1.000000000000000021e-03
-6.906906906906904453e-01
1.000000000000000021e-03
-6.706706706706704324e-01
1.000000000000000021e-03
-6.506506506506504195e-01
1.000000000000000021e-03
-6.306306306306304066e-01
1.000000000000000021e-03
-6.106106106106103937e-01
1.000000000000000021e-03
-5.905905905905903808e-01
1.000000000000000021e-03
-5.705705705705703679e-01
1.000000000000000021e-03
-5.505505505505503550e-01
1.000000000000000021e-03
-5.305305305305303420e-01
1.000000000000000021e-03
-5.105105105105103291e-01
1.000000000000000021e-03
-4.904904904904903162e-01
1.000000000000000021e-03
-4.704704704704703033e-01
1.000000000000000021e-03
-4.504504504504502904e-01
1.000000000000000021e-03
-4.304304304304302775e-01
1.000000000000000021e-03
-4.104104104104102646e-01
1.000000000000000021e-03
-3.903903903903902517e-01
1.000000000000000021e-03
-3.703703703703702388e-01
1.000000000000000021e-03
-3.503503503503502259e-01
1.000000000000000021e-03
-3.303303303303302130e-01
1.000000000000000021e-03
-3.103103103103102001e-01
1.000000000000000021e-03
-2.902902902902901872e-01
1.000000000000000021e-03
-2.702702702702701743e-01
1.000000000000000021e-03
-2.502502502502501613e-01
1.000000000000000021e-03
-2.302302302302301484e-01
1.000000000000000021e-03
-2.102102102102101355e-01
1.000000000000000021e-03
-1.901901901901901226e-01
1.000000000000000021e-03
-1.701701701701701097e-01
1.000000000000000021e-03
-1.501501501501500968e-01
1.000000000000000021e-03
-1.301301301301300839e-01
1.000000000000000021e-03
-1.101101101101100710e-01
1.000000000000000021e-03
-9.009009009009005808e-02
1.000000000000000021e-03
-7.007007007007004518e-02
1.000000000000000021e-03
-5.005005005005003227e-02
1.000000000000000021e-03
-3.003003003003001936e-02
1.000000000000000021e-03
-1.001001001001000645e-02
1.000000000000000021e-03
1.001001001001000645e-02
1.000000000000000021e-03
3.003003003003001936e-02
1.000000000000000021e-03
5.005005005005003227e-02
1.000000000000000021e-03
7.007007007007004518e-02
1.000000000000000021e-03
9.009009009009005808e-02
1.000000000000000021e-03
1.101101101101100710e-01
1.000000000000000021e-03
1.301301301301300839e-01
1.000000000000000021e-03
1.501501501501500968e-01
1.000000000000000021e-03
1.701701701701701097e-01
1.000000000000000021e-03
1.901901901901901226e-01
1.000000000000000021e-03
2.102102102102101355e-01
1.000000000000000021e-03
2.302302302302301484e-01
1.000000000000000021e-03
2.502502502502501613e-01
1.000000000000000021e-03
2.702702702702701743e-01
1.000000000000000021e-03
2.902902902902901872e-01
1.000000000000000021e-03
3.103103103103102001e-01
1.000000000000000021e-03
3.303303303303302130e-01
1.000000000000000021e-03
3.503503503503502259e-01
1.000000000000000021e-03
3.703703703703702388e-01
1.000000000000000021e-03
3.903903903903902517e-01
1.000000000000000021e-03
4.104104104104102646e-01
1.000000000000000021e-03
4.304304304304302775e-01
1.000000000000000021e-03
4.504504504504502904e-01
1.000000000000000021e-03
4.704704704704703033e-01
1.000000000000000021e-03
4.904904904904903162e-01
1.000000000000000021e-03
5.105105105105103291e-01
1.000000000000000021e-03
5.305305305305303420e-01
1.000000000000000021e-03
5.505505505505503550e-01
1.000000000000000021e-03
5.705705705705703679e-01
1.000000000000000021e-03
5.905905905905903808e-01
1.000000000000000021e-03
6.106106106106103937e-01
1.000000000000000021e-03
6.306306306306304066e-01
1.000000000000000021e-03
6.506506506506504195e-01
1.000000000000000021e-03
6.706706706706704324e-01
1.000000000000000021e-03
6.906906906906904453e-01
1.000000000000000021e-03
7.107107107107104582e-01
1.000000000000000021e-03
7.307307307307304711e-01
1.000000000000000021e-03
7.507507507507504840e-01
1.000000000000000021e-03
7.707707707707704969e-01
1.000000000000000021e-03
7.907907907907905098e-01
1.000000000000000021e-03
8.108108108108105228e-01
1.000000000000000021e-03
8.308308308308305357e-01
1.000000000000000021e-03
8.508508508508505486e-01
1.000000000000000021e-03
8.708708708708705615e-01
1.000000000000000021e-03
8.908908908908905744e-01
1.000000000000000021e-03
9.109109109109105873e-01
1.000000000000000021e-03
9.309309309309306002e-01
1.000000000000000021e-03
9.509509509509506131e-01
1.000000000000000021e-03
9.709709709709706260e-01
1.000000000000000021e-03
9.909909909909906389e-01
1.000000000000000021e-03
1.011011011011010652e+00
1.000000000000000021e-03
1.031031031031030665e+00
1.000000000000000021e-03
1.051051051051050678e+00
1.000000000000000021e-03
1.071071071071070691e+00
1.000000000000000021e-03
1.091091091091090703e+00
1.000000000000000021e-03
1.111111111111110716e+00
1.000000000000000021e-03
1.131131131131130729e+00
1.000000000000000021e-03
1.151151151151150742e+00
1.000000000000000021e-03
1.171171171171170755e+00
1.000000000000000021e-03
1.191191191191190768e+00
1.000000000000000021e-03
1.211211211211210781e+00
1.000000000000000021e-03
1.231231231231230794e+00
1.000000000000000021e-03
1.251251251251250807e+00
1.000000000000000021e-03
1.271271271271270820e+00
1.000000000000000021e-03
1.291291291291290833e+00
1.000000000000000021e-03
1.311311311311310845e+00
1.000000000000000021e-03
1.331331331331330858e+00
1.000000000000000021e-03
1.351351351351350871e+00
1.000000000000000021e-03
1.371371371371370884e+00
1.000000000000000021e-03
1.391391391391390897e+00
1.000000000000000021e-03
1.411411411411410910e+00
1.000000000000000021e-03
1.431431431431430923e+00
1.000000000000000021e-03
1.451451451451450936e+00
1.000000000000000021e-03
1.471471471471470949e+00
1.000000000000000021e-03
1.491491491491490962e+00
1.000000000000000021e-03
1.511511511511510975e+00
1.000000000000000021e-03
1.531531531531530987e+00
1.000000000000000021e-03
1.551551551551551000e+00
1.000000000000000021e-03
1.571571571571571013e+00
1.000000000000000021e-03
1.591591591591591026e+00
1.000000000000000021e-03
1.611611611611611039e+00
1.000000000000000021e-03
1.631631631631631052e+00
1.000000000000000021e-03
1.651651651651651065e+00
1.000000000000000021e-03
1.671671671671671078e+00
1.000000000000000021e-03
1.691691691691691091e+00
1.000000000000000021e-03
1.711711711711711104e+00
1.000000000000000021e-03
1.731731731731731116e+00
1.000000000000000021e-03
1.751751751751751129e+00
1.000000000000000021e-03
1.771771771771771142e+00
1.000000000000000021e-03
1.791791791791791155e+00
1.000000000000000021e-03
1.811811811811811168e+00
1.000000000000000021e-03
1.831831831831831181e+00
1.000000000000000021e-03
1.851851851851851194e+00
1.000000000000000021e-03
1.871871871871871207e+00
1.000000000000000021e-03
1.891891891891891220e+00
1.000000000000000021e-03
1.911911911911911233e+00
1.000000000000000021e-03
1.931931931931931246e+00
1.000000000000000021e-03
1.951951951951951258e+00
1.000000000000000021e-03
1.971971971971971271e+00
1.000000000000000021e-03
1.991991991991991284e+00
1.000000000000000021e-03
2.012012012012011297e+00
1.000000000000000021e-03
2.032032032032031310e+00
1.000000000000000021e-03
2.052052052052051323e+00
1.000000000000000021e-03
2.072072072072071336e+00
1.000000000000000021e-03
2.092092092092091349e+00
1.000000000000000021e-03
2.112112112112111362e+00
1.000000000000000021e-03
2.132132132132131375e+00
1.000000000000000021e-03
2.152152152152151388e+00
1.000000000000000021e-03
2.172172172172171400e+00
1.000000000000000021e-03
2.192192192192191413e+00
1.000000000000000021e-03
2.212212212212211426e+00
1.000000000000000021e-03
2.232232232232231439e+00
1.000000000000000021e-03
2.252252252252251452e+00
1.000000000000000021e-03
2.272272272272271465e+00
1.000000000000000021e-03
2.292292292292291478e+00
1.000000000000000021e-03
2.312312312312311491e+00
1.000000000000000021e-03
2.332332332332331504e+00
1.000000000000000021e-03
2.352352352352351517e+00
1.000000000000000021e-03
2.372372372372371530e+00
1.000000000000000021e-03
2.392392392392391542e+00
1.000000000000000021e-03
2.412412412412411555e+00
1.000000000000000021e-03
2.432432432432431568e+00
1.000000000000000021e-03
2.452452452452451581e+00
1.000000000000000021e-03
2.472472472472471594e+00
1.000000000000000021e-03
2.492492492492491607e+00
1.000000000000000021e-03
2.512512512512511620e+00
1.000000000000000021e-03
2.532532532532531633e+00
1.000000000000000021e-03
2.552552552552551646e+00
1.000000000000000021e-03
2.572572572572571659e+00
1.000000000000000021e-03
2.592592592592591672e+00
1.000000000000000021e-03
2.612612612612611684e+00
1.000000000000000021e-03
2.632632632632631697e+00
1.000000000000000021e-03
2.652652652652651710e+00
1.000000000000000021e-03
2.672672672672671723e+00
1.000000000000000021e-03
2.692692692692691736e+00
1.000000000000000021e-03
2.712712712712711749e+00
1.000000000000000021e-03
2.732732732732731762e+00
1.000000000000000021e-03
2.752752752752751775e+00
1.000000000000000021e-03
2.772772772772771788e+00
1.000000000000000021e-03
2.792792792792791801e+00
1.000000000000000021e-03
2.812812812812811814e+00
1.000000000000000021e-03
2.832832832832833603e+00
1.000000000000000021e-03
2.852852852852853616e+00
1.000000000000000021e-03
2.872872872872873629e+00
1.000000000000000021e-03
2.892892892892893641e+00
1.000000000000000021e-03
2.912912912912913654e+00
1.000000000000000021e-03
2.932932932932933667e+00
1.000000000000000021e-03
2.952952952952953680e+00
1.000000000000000021e-03
2.972972972972973693e+00
1.000000000000000021e-03
2.992992992992993706e+00
1.000000000000000021e-03
3.013013013013013719e+00
1.000000000000000021e-03
3.033033033033033732e+00
1.000000000000000021e-03
3.053053053053053745e+00
1.000000000000000021e-03
3.073073073073073758e+00
1.000000000000000021e-03
3.093093093093093771e+00
1.000000000000000021e-03
3.113113113113113783e+00
1.000000000000000021e-03
3.133133133133133796e+00
1.000000000000000021e-03
3.153153153153153809e+00
1.000000000000000021e-03
3.173173173173173822e+00
1.000000000000000021e-03
3.193193193193193835e+00
1.000000000000000021e-03
3.213213213213213848e+00
1.000000000000000021e-03
3.233233233233233861e+00
1.000000000000000021e-03
3.253253253253253874e+00
1.000000000000000021e-03
3.273273273273273887e+00
1.000000000000000021e-03
3.293293293293293900e+00
1.000000000000000021e-03
3.313313313313313913e+00
1.000000000000000021e-03
3.333333333333333925e+00
1.000000000000000021e-03
3.353353353353353938e+00
1.000000000000000021e-03
3.373373373373373951e+00
1.000000000000000021e-03
3.393393393393393964e+00
1.000000000000000021e-03
3.413413413413413977e+00
1.000000000000000021e-03
3.433433433433433990e+00
1.000000000000000021e-03
3.453453453453454003e+00
1.000000000000000021e-03
3.473473473473474016e+00
1.000000000000000021e-03
3.493493493493494029e+00
1.000000000000000021e-03
3.513513513513514042e+00
1.000000000000000021e-03
3.533533533533534055e+00
1.000000000000000021e-03
3.553553553553554067e+00
1.000000000000000021e-03
3.573573573573574080e+00
1.000000000000000021e-03
3.593593593593594093e+00
1.000000000000000021e-03
3.613613613613614106e+00
1.000000000000000021e-03
3.633633633633634119e+00
1.000000000000000021e-03
3.653653653653654132e+00
1.000000000000000021e-03
3.673673673673674145e+00
1.000000000000000021e-03
3.693693693693694158e+00
1.000000000000000021e-03
3.713713713713714171e+00
1.000000000000000021e-03
3.733733733733734184e+00
1.000000000000000021e-03
3.753753753753754197e+00
1.000000000000000021e-03
3.773773773773774209e+00
1.000000000000000021e-03
3.793793793793794222e+00
1.000000000000000021e-03
3.813813813813814235e+00
1.000000000000000021e-03
3.833833833833834248e+00
1.000000000000000021e-03
3.853853853853854261e+00
1.000000000000000021e-03
3.873873873873874274e+00
1.000000000000000021e-03
3.893893893893894287e+00
1.000000000000000021e-03
3.913913913913914300e+00
1.000000000000000021e-03
3.933933933933934313e+00
1.000000000000000021e-03
3.953953953953954326e+00
1.000000000000000021e-03
3.973973973973974338e+00
1.000000000000000021e-03
3.993993993993994351e+00
1.000000000000000021e-03
4.014014014014014364e+00
1.000000000000000021e-03
4.034034034034034377e+00
1.000000000000000021e-03
4.054054054054054390e+00
1.000000000000000021e-03
4.074074074074074403e+00
1.000000000000000021e-03
4.094094094094094416e+00
1.000000000000000021e-03
4.114114114114114429e+00
1.000000000000000021e-03
4.134134134134134442e+00
1.000000000000000021e-03
4.154154154154154455e+00
1.000000000000000021e-03
4.174174174174174468e+00
1.000000000000000021e-03
4.194194194194194480e+00
1.000000000000000021e-03
4.214214214214214493e+00
1.000000000000000021e-03
4.234234234234234506e+00
1.000000000000000021e-03
4.254254254254254519e+00
1.000000000000000021e-03
4.274274274274274532e+00
1.000000000000000021e-03
4.294294294294294545e+00
1.000000000000000021e-03
4.314314314314314558e+00
1.000000000000000021e-03
4.334334334334334571e+00
1.000000000000000021e-03
4.354354354354354584e+00
1.000000000000000021e-03
4.374374374374374597e+00
1.000000000000000021e-03
4.394394394394394610e+00
1.000000000000000021e-03
4.414414414414414622e+00
1.000000000000000021e-03
4.434434434434434635e+00
1.000000000000000021e-03
4.454454454454454648e+00
1.000000000000000021e-03
4.474474474474474661e+00
1.000000000000000021e-03
4.494494494494494674e+00
1.000000000000000021e-03
4.514514514514514687e+00
1.000000000000000021e-03
4.534534534534534700e+00
1.000000000000000021e-03
4.554554554554554713e+00
1.000000000000000021e-03
4.574574574574574726e+00
1.000000000000000021e-03
4.594594594594594739e+00
1.000000000000000021e-03
4.614614614614614752e+00
1.000000000000000021e-03
4.634634634634634764e+00
1.000000000000000021e-03
4.654654654654654777e+00
1.000000000000000021e-03
4.674674674674674790e+00
1.000000000000000021e-03
4.694694694694694803e+00
1.000000000000000021e-03
4.714714714714714816e+00
1.000000000000000021e-03
4.734734734734734829e+00
1.000000000000000021e-03
4.754754754754754842e+00
1.000000000000000021e-03
4.774774774774774855e+00
1.000000000000000021e-03
4.794794794794794868e+00
1.000000000000000021e-03
4.814814814814814881e+00
1.000000000000000021e-03
4.834834834834834894e+00
1.000000000000000021e-03
4.854854854854854906e+00
1.000000000000000021e-03
4.874874874874874919e+00
1.000000000000000021e-03
4.894894894894894932e+00
1.000000000000000021e-03
4.914914914914914945e+00
1.000000000000000021e-03
4.934934934934934958e+00
1.000000000000000021e-03
4.954954954954954971e+00
1.000000000000000021e-03
4.974974974974974984e+00
1.000000000000000021e-03
4.994994994994994997e+00
1.000000000000000021e-03
5.015015015015015010e+00
1.000000000000000021e-03
5.035035035035035023e+00
1.000000000000000021e-03
5.055055055055055035e+00
1.000000000000000021e-03
5.075075075075075048e+00
1.000000000000000021e-03
5.095095095095095061e+00
1.000000000000000021e-03
5.115115115115115074e+00
1.000000000000000021e-03
5.135135135135135087e+00
1.000000000000000021e-03
5.155155155155155100e+00
1.000000000000000021e-03
5.175175175175175113e+00
1.000000000000000021e-03
5.195195195195195126e+00
1.000000000000000021e-03
5.215215215215215139e+00
1.000000000000000021e-03
5.235235235235235152e+00
1.000000000000000021e-03
5.255255255255255165e+00
1.000000000000000021e-03
5.275275275275275177e+00
1.000000000000000021e-03
5.295295295295295190e+00
1.000000000000000021e-03
5.315315315315315203e+00
1.000000000000000021e-03
5.335335335335335216e+00
1.000000000000000021e-03
5.355355355355355229e+00
1.000000000000000021e-03
5.375375375375375242e+00
1.000000000000000021e-03
5.395395395395395255e+00
1.000000000000000021e-03
5.415415415415415268e+00
1.000000000000000021e-03
5.435435435435435281e+00
1.000000000000000021e-03
5.455455455455455294e+00
1.000000000000000021e-03
5.475475475475475307e+00
1.000000000000000021e-03
5.495495495495495319e+00
1.000000000000000021e-03
5.515515515515515332e+00
1.000000000000000021e-03
5.535535535535535345e+00
1.000000000000000021e-03
5.555555555555555358e+00
1.000000000000000021e-03
5.575575575575575371e+00
1.000000000000000021e-03
5.595595595595595384e+00
1.000000000000000021e-03
5.615615615615615397e+00
1.000000000000000021e-03
5.635635635635635410e+00
1.000000000000000021e-03
5.655655655655655423e+00
1.000000000000000021e-03
5.675675675675675436e+00
1.000000000000000021e-03
5.695695695695695449e+00
1.000000000000000021e-03
5.715715715715715461e+00
1.000000000000000021e-03
5.735735735735735474e+00
1.000000000000000021e-03
5.755755755755755487e+00
1.000000000000000021e-03
5.775775775775775500e+00
1.000000000000000021e-03
5.795795795795795513e+00
1.000000000000000021e-03
5.815815815815815526e+00
1.000000000000000021e-03
5.835835835835835539e+00
1.000000000000000021e-03
5.855855855855855552e+00
1.000000000000000021e-03
5.875875875875875565e+00
1.000000000000000021e-03
5.895895895895895578e+00
1.000000000000000021e-03
5.915915915915915591e+00
1.000000000000000021e-03
5.935935935935935603e+00
1.000000000000000021e-03
5.955955955955955616e+00
1.000000000000000021e-03
5.975975975975975629e+00
1.000000000000000021e-03
5.995995995995995642e+00
1.000000000000000021e-03
6.016016016016017431e+00
1.000000000000000021e-03
6.036036036036037444e+00
1.000000000000000021e-03
6.056056056056057457e+00
1.000000000000000021e-03
6.076076076076077470e+00
1.000000000000000021e-03
6.096096096096097483e+00
1.000000000000000021e-03
6.116116116116117496e+00
1.000000000000000021e-03
6.136136136136137509e+00
1.000000000000000021e-03
6.156156156156157522e+00
1.000000000000000021e-03
6.176176176176177535e+00
1.000000000000000021e-03
6.196196196196197548e+00
1.000000000000000021e-03
6.216216216216217560e+00
1.000000000000000021e-03
6.236236236236237573e+00
1.000000000000000021e-03
6.256256256256257586e+00
1.000000000000000021e-03
6.276276276276277599e+00
1.000000000000000021e-03
6.296296296296297612e+00
1.000000000000000021e-03
6.316316316316317625e+00
1.000000000000000021e-03
6.336336336336337638e+00
1.000000000000000021e-03
6.356356356356357651e+00
1.000000000000000021e-03
6.376376376376377664e+00
1.000000000000000021e-03
6.396396396396397677e+00
1.000000000000000021e-03
6.416416416416417690e+00
1.000000000000000021e-03
6.436436436436437702e+00
1.000000000000000021e-03
6.456456456456457715e+00
1.000000000000000021e-03
6.476476476476477728e+00
1.000000000000000021e-03
6.496496496496497741e+00
1.000000000000000021e-03
6.516516516516517754e+00
1.000000000000000021e-03
6.536536536536537767e+00
1.000000000000000021e-03
6.556556556556557780e+00
1.000000000000000021e-03
6.576576576576577793e+00
1.000000000000000021e-03
6.596596596596597806e+00
1.000000000000000021e-03
6.616616616616617819e+00
1.000000000000000021e-03
6.636636636636637832e+00
1.000000000000000021e-03
6.656656656656657844e+00
1.000000000000000021e-03
6.676676676676677857e+00
1.000000000000000021e-03
6.696696696696697870e+00
1.000000000000000021e-03
6.716716716716717883e+00
1.000000000000000021e-03
6.736736736736737896e+00
1.000000000000000021e-03
6.756756756756757909e+00
1.000000000000000021e-03
6.776776776776777922e+00
1.000000000000000021e-03
6.796796796796797935e+00
1.000000000000000021e-03
6.816816816816817948e+00
1.000000000000000021e-03
6.836836836836837961e+00
1.000000000000000021e-03
6.856856856856857974e+00
1.000000000000000021e-03
6.876876876876877986e+00
1.000000000000000021e-03
6.896896896896897999e+00
1.000000000000000021e-03
6.916916916916918012e+00
1.000000000000000021e-03
6.936936936936938025e+00
1.000000000000000021e-03
6.956956956956958038e+00
1.000000000000000021e-03
6.976976976976978051e+00
1.000000000000000021e-03
6.996996996996998064e+00
1.000000000000000021e-03
7.017017017017018077e+00
1.000000000000000021e-03
7.037037037037038090e+00
1.000000000000000021e-03
7.057057057057058103e+00
1.000000000000000021e-03
7.077077077077078116e+00
1.000000000000000021e-03
7.097097097097098128e+00
1.000000000000000021e-03
7.117117117117118141e+00
1.000000000000000021e-03
7.137137137137138154e+00
1.000000000000000021e-03
7.157157157157158167e+00
1.000000000000000021e-03
7.177177177177178180e+00
1.000000000000000021e-03
7.197197197197198193e+00
1.000000000000000021e-03
7.217217217217218206e+00
1.000000000000000021e-03
7.237237237237238219e+00
1.000000000000000021e-03
7.257257257257258232e+00
1.000000000000000021e-03
7.277277277277278245e+00
1.000000000000000021e-03
7.297297297297298257e+00
1.000000000000000021e-03
7.317317317317318270e+00
1.000000000000000021e-03
7.337337337337338283e+00
1.000000000000000021e-03
7.357357357357358296e+00
1.000000000000000021e-03
7.377377377377378309e+00
1.000000000000000021e-03
7.397397397397398322e+00
1.000000000000000021e-03
7.417417417417418335e+00
1.000000000000000021e-03
7.437437437437438348e+00
1.000000000000000021e-03
7.457457457457458361e+00
1.000000000000000021e-03
7.477477477477478374e+00
1.000000000000000021e-03
7.497497497497498387e+00
1.000000000000000021e-03
7.517517517517518399e+00
1.000000000000000021e-03
7.537537537537538412e+00
1.000000000000000021e-03
7.557557557557558425e+00
1.000000000000000021e-03
7.577577577577578438e+00
1.000000000000000021e-03
7.597597597597598451e+00
1.000000000000000021e-03
7.617617617617618464e+00
1.000000000000000021e-03
7.637637637637638477e+00
1.000000000000000021e-03
7.657657657657658490e+00
1.000000000000000021e-03
7.677677677677678503e+00
1.000000000000000021e-03
7.697697697697698516e+00
1.000000000000000021e-03
7.717717717717718529e+00
1.000000000000000021e-03
7.737737737737738541e+00
1.000000000000000021e-03
7.757757757757758554e+00
1.000000000000000021e-03
7.777777777777778567e+00
1.000000000000000021e-03
7.797797797797798580e+00
1.000000000000000021e-03
7.817817817817818593e+00
1.000000000000000021e-03
7.837837837837838606e+00
1.000000000000000021e-03
7.857857857857858619e+00
1.000000000000000021e-03
7.877877877877878632e+00
1.000000000000000021e-03
7.897897897897898645e+00
1.000000000000000021e-03
7.917917917917918658e+00
1.000000000000000021e-03
7.937937937937938671e+00
1.000000000000000021e-03
7.957957957957958683e+00
1.000000000000000021e-03
7.977977977977978696e+00
1.000000000000000021e-03
7.997997997997998709e+00
1.000000000000000021e-03
8.018018018018018722e+00
1.000000000000000021e-03
8.038038038038038735e+00
1.000000000000000021e-03
8.058058058058058748e+00
1.000000000000000021e-03
8.078078078078078761e+00
1.000000000000000021e-03
8.098098098098098774e+00
1.000000000000000021e-03
8.118118118118118787e+00
1.000000000000000021e-03
8.138138138138138800e+00
1.000000000000000021e-03
8.158158158158158813e+00
1.000000000000000021e-03
8.178178178178178825e+00
1.000000000000000021e-03
8.198198198198198838e+00
1.000000000000000021e-03
8.218218218218218851e+00
1.000000000000000021e-03
8.238238238238238864e+00
1.000000000000000021e-03
8.258258258258258877e+00
1.000000000000000021e-03
8.278278278278278890e+00
1.000000000000000021e-03
8.298298298298298903e+00
1.000000000000000021e-03
8.318318318318318916e+00
1.000000000000000021e-03
8.338338338338338929e+00
1.000000000000000021e-03
8.358358358358358942e+00
1.000000000000000021e-03
8.378378378378378954e+00
1.000000000000000021e-03
8.398398398398398967e+00
1.000000000000000021e-03
8.418418418418418980e+00
1.000000000000000021e-03
8.438438438438438993e+00
1.000000000000000021e-03
8.458458458458459006e+00
1.000000000000000021e-03
8.478478478478479019e+00
1.000000000000000021e-03
8.498498498498499032e+00
1.000000000000000021e-03
8.518518518518519045e+00
1.000000000000000021e-03
8.538538538538539058e+00
1.000000000000000021e-03
8.558558558558559071e+00
1.000000000000000021e-03
8.578578578578579084e+00
1.000000000000000021e-03
8.598598598598599096e+00
1.000000000000000021e-03
8.618618618618619109e+00
1.000000000000000021e-03
8.638638638638639122e+00
1.000000000000000021e-03
8.658658658658659135e+00
1.000000000000000021e-03
8.678678678678679148e+00
1.000000000000000021e-03
8.698698698698699161e+00
1.000000000000000021e-03
8.718718718718719174e+00
1.000000000000000021e-03
8.738738738738739187e+00
1.000000000000000021e-03
8.758758758758759200e+00
1.000000000000000021e-03
8.778778778778779213e+00
1.000000000000000021e-03
8.798798798798799226e+00
1.000000000000000021e-03
8.818818818818819238e+00
1.000000000000000021e-03
8.838838838838839251e+00
1.000000000000000021e-03
8.858858858858859264e+00
1.000000000000000021e-03
8.878878878878879277e+00
1.000000000000000021e-03
8.898898898898899290e+00
1.000000000000000021e-03
8.918918918918919303e+00
1.000000000000000021e-03
8.938938938938939316e+00
1.000000000000000021e-03
8.958958958958959329e+00
1.000000000000000021e-03
8.978978978978979342e+00
1.000000000000000021e-03
8.998998998998999355e+00
1.000000000000000021e-03
9.019019019019019368e+00
1.000000000000000021e-03
9.039039039039039380e+00
1.000000000000000021e-03
9.059059059059059393e+00
1.000000000000000021e-03
9.079079079079079406e+00
1.000000000000000021e-03
9.099099099099099419e+00
1.000000000000000021e-03
9.119119119119119432e+00
1.000000000000000021e-03
9.139139139139139445e+00
1.000000000000000021e-03
9.159159159159159458e+00
1.000000000000000021e-03
9.179179179179179471e+00
1.000000000000000021e-03
9.199199199199199484e+00
1.000000000000000021e-03
9.219219219219219497e+00
1.000000000000000021e-03
9.239239239239239510e+00
1.000000000000000021e-03
9.259259259259259522e+00
1.000000000000000021e-03
9.279279279279279535e+00
1.000000000000000021e-03
9.299299299299299548e+00
1.000000000000000021e-03
9.319319319319319561e+00
1.000000000000000021e-03
9.339339339339339574e+00
1.000000000000000021e-03
9.359359359359359587e+00
1.000000000000000021e-03
9.379379379379379600e+00
1.000000000000000021e-03
9.399399399399399613e+00
1.000000000000000021e-03
9.419419419419419626e+00
1.000000000000000021e-03
9.439439439439439639e+00
1.000000000000000021e-03
9.459459459459459651e+00
1.000000000000000021e-03
9.479479479479479664e+00
1.000000000000000021e-03
9.499499499499499677e+00
1.000000000000000021e-03
9.519519519519519690e+00
1.000000000000000021e-03
9.539539539539539703e+00
1.000000000000000021e-03
9.559559559559559716e+00
1.000000000000000021e-03
9.579579579579579729e+00
1.000000000000000021e-03
9.599599599599599742e+00
1.000000000000000021e-03
9.619619619619619755e+00
1.000000000000000021e-03
9.639639639639639768e+00
1.000000000000000021e-03
9.659659659659659781e+00
1.000000000000000021e-03
9.679679679679679793e+00
1.000000000000000021e-03
9.699699699699699806e+00
1.000000000000000021e-03
9.719719719719719819e+00
1.000000000000000021e-03
9.739739739739739832e+00
1.000000000000000021e-03
9.759759759759759845e+00
1.000000000000000021e-03
9.779779779779779858e+00
1.000000000000000021e-03
9.799799799799799871e+00
1.000000000000000021e-03
9.819819819819819884e+00
1.000000000000000021e-03
9.839839839839839897e+00
1.000000000000000021e-03
9.859859859859859910e+00
1.000000000000000021e-03
9.879879879879879923e+00
1.000000000000000021e-03
9.899899899899899935e+00
1.000000000000000021e-03
9.919919919919919948e+00
1.000000000000000021e-03
9.939939939939939961e+00
1.000000000000000021e-03
9.959959959959959974e+00
1.000000000000000021e-03
9.979979979979979987e+00
1.000000000000000021e-03
1.000000000000000000e+01
1.000000000000000021e-03
