9.990370964912177465e-01
2.220446049250313081e-16
9.990374997559370307e-01
-1.110223024625156540e-16
9.990380367618456603e-01
-1.665334536937734811e-16
9.990387612271734996e-01
1.665334536937734811e-16
9.990397556071378693e-01
1.110223024625156540e-16
9.990411514333186194e-01
-2.220446049250313081e-16
9.990431684463504380e-01
-5.551115123125782702e-17
9.990461951218109204e-01
0.000000000000000000e+00
9.990509687804851602e-01
-1.110223024625156540e-16
9.990590237040384292e-01
-5.551115123125782702e-17
9.990739756146987949e-01
-5.551115123125782702e-17
9.991060161281601903e-01
3.885780586188047891e-16
9.991933182740053709e-01
1.110223024625156540e-16
9.995825464451766340e-01
-6.106226635438360972e-16
1.011225016424684098e+00
1.387778780781445676e-15
2.983381596632930677e+00
-1.110223024625156540e-16
2.989918925426639618e+00
-2.220446049250313081e-16
2.991806425507046008e+00
0.000000000000000000e+00
2.992779184710556706e+00
1.110223024625156540e-16
2.993390410112267475e+00
-3.330669073875469621e-16
2.993815873472058353e+00
-3.330669073875469621e-16
2.994131249690903829e+00
4.440892098500626162e-16
2.994375189746205201e+00
-2.220446049250313081e-16
2.994569754390087546e+00
1.110223024625156540e-16
2.994728563728084048e+00
-3.330669073875469621e-16
2.994860534385308082e+00
0.000000000000000000e+00
2.994971775630617117e+00
4.440892098500626162e-16
2.995066628435806066e+00
1.110223024625156540e-16
2.995148270562776993e+00
-1.110223024625156540e-16
2.995219086740346981e+00
-2.220446049250313081e-16
2.995280904570028824e+00
0.000000000000000000e+00
2.995335150128147106e+00
-7.771561172376095783e-16
2.995382953664053272e+00
0.000000000000000000e+00
2.995425223249620572e+00
1.110223024625156540e-16
2.995462697250505180e+00
0.000000000000000000e+00
2.995495982449486227e+00
3.330669073875469621e-16
2.995525582230595507e+00
5.551115123125782702e-16
2.995551917742460546e+00
0.000000000000000000e+00
2.995575344013443164e+00
-5.551115123125782702e-16
2.995596162378991956e+00
1.110223024625156540e-16
2.995614630175844617e+00
3.330669073875469621e-16
2.995630968383772519e+00
-3.330669073875469621e-16
2.995645367707521878e+00
1.110223024625156540e-16
2.995657993460080881e+00
2.220446049250313081e-16
2.995668989515601233e+00
-1.110223024625156540e-16
2.995678481532774384e+00
-1.110223024625156540e-16
2.995686579603018540e+00
-2.220446049250313081e-16
2.995693380438085640e+00
4.440892098500626162e-16
2.995698969190237371e+00
-6.661338147750939243e-16
2.995703420974119791e+00
0.000000000000000000e+00
2.995706802146718140e+00
4.440892098500626162e-16
2.995709171389423275e+00
2.220446049250313081e-16
2.995710580627921615e+00
2.220446049250313081e-16
2.995711075818797919e+00
0.000000000000000000e+00
2.995710697626852159e+00
-4.440892098500626162e-16
2.995709482013478198e+00
0.000000000000000000e+00
2.995707460754339468e+00
4.440892098500626162e-16
2.995704661903453303e+00
4.440892098500626162e-16
2.995701110221720143e+00
4.440892098500626162e-16
2.995696827591173950e+00
-1.332267629550187849e-15
2.995691833443536289e+00
-2.220446049250313081e-16
2.995686145246192922e+00
-2.220446049250313081e-16
2.995679779116918517e+00
0.000000000000000000e+00
2.995672750693903374e+00
2.220446049250313081e-16
2.995665076499706814e+00
-6.661338147750939243e-16
2.995656776274647548e+00
-2.220446049250313081e-16
2.995647877284880245e+00
-8.881784197001252323e-16
2.995638422873911910e+00
-8.881784197001252323e-16
2.995628490790518406e+00
4.440892098500626162e-16
2.995618236119696132e+00
0.000000000000000000e+00
2.995608003554361520e+00
0.000000000000000000e+00
2.995598666724383463e+00
4.440892098500626162e-16
2.995592884427338287e+00
-4.440892098500626162e-16
2.995601458320919175e+00
0.000000000000000000e+00
2.995700611233025334e+00
-4.440892098500626162e-16
2.999448469350017632e+00
0.000000000000000000e+00
3.976883932183624015e+00
2.220446049250313081e-16
3.984216718401234480e+00
2.220446049250313081e-16
3.986615838364539144e+00
2.220446049250313081e-16
3.987912242492138937e+00
2.220446049250313081e-16
3.988750591544333091e+00
4.440892098500626162e-16
3.989346541739749785e+00
-4.440892098500626162e-16
3.989795661704416574e+00
2.220446049250313081e-16
3.990147684880400725e+00
4.440892098500626162e-16
3.990431336244571803e+00
0.000000000000000000e+00
3.990664381693415308e+00
0.000000000000000000e+00
3.990858077909678947e+00
0.000000000000000000e+00
3.991018497156296974e+00
4.440892098500626162e-16
3.991141569996604410e+00
0.000000000000000000e+00
3.991144401685463805e+00
-2.220446049250313081e-16
3.982025925770510622e+00
0.000000000000000000e+00
2.998731587693348910e+00
-2.220446049250313081e-16
3.989805490445843095e+00
-2.220446049250313081e-16
3.991464008600330793e+00
2.220446049250313081e-16
3.991610975695701669e+00
4.440892098500626162e-16
3.991682597785967346e+00
2.220446049250313081e-16
3.991732737217708049e+00
-2.220446049250313081e-16
3.991770932991161480e+00
2.220446049250313081e-16
3.991800263950884275e+00
-4.440892098500626162e-16
3.991822129057979396e+00
0.000000000000000000e+00
3.991837307442497984e+00
2.220446049250313081e-16
3.991846284028276237e+00
-4.440892098500626162e-16
3.991849374117701910e+00
0.000000000000000000e+00
3.991846779167665282e+00
0.000000000000000000e+00
3.991838614650172090e+00
2.220446049250313081e-16
3.991824924854551426e+00
0.000000000000000000e+00
3.991805690723873479e+00
-2.220446049250313081e-16
3.991780833452032606e+00
2.220446049250313081e-16
3.991750215119435730e+00
2.220446049250313081e-16
3.991713636947922250e+00
0.000000000000000000e+00
3.991670835373153814e+00
-2.220446049250313081e-16
3.991621475883496029e+00
-2.220446049250313081e-16
3.991565144374292107e+00
0.000000000000000000e+00
3.991501335567900988e+00
2.220446049250313081e-16
3.991429437818339476e+00
-8.881784197001252323e-16
3.991348713321261954e+00
1.110223024625156540e-16
3.991258272341565494e+00
-3.330669073875469621e-16
3.991157039489964475e+00
-2.220446049250313081e-16
3.991043709231095971e+00
-1.110223024625156540e-16
3.990916686533684477e+00
-4.440892098500626162e-16
3.990774006624028480e+00
-1.110223024625156540e-16
3.990613224741763609e+00
-1.110223024625156540e-16
3.990431261856981493e+00
-5.551115123125782702e-16
3.990224184101764493e+00
-2.220446049250313081e-16
3.989986879577768875e+00
-3.330669073875469621e-16
3.989712571073977365e+00
-2.220446049250313081e-16
3.989392056436421363e+00
-6.661338147750939243e-16
3.989012476687880948e+00
-3.330669073875469621e-16
3.988555221545734497e+00
-2.220446049250313081e-16
3.987992157327345577e+00
-5.551115123125782702e-16
3.987278332257250035e+00
1.110223024625156540e-16
3.986336552965851432e+00
-8.881784197001252323e-16
3.984819050688508835e+00
-4.440892098500626162e-16
3.983028866086362196e+00
-4.440892098500626162e-16
3.980447411780322131e+00
6.661338147750939243e-16
4.938375166348466294e+00
7.771561172376095783e-16
3.048057743149316323e+00
-6.661338147750939243e-16
2.986728545371168053e+00
0.000000000000000000e+00
2.988041344399666066e+00
7.771561172376095783e-16
2.989048694295944664e+00
2.775557561562891351e-16
2.989793073439150461e+00
-2.220446049250313081e-16
2.990366406626391971e+00
-5.551115123125782702e-17
2.990824498198363823e+00
-1.665334536937734811e-16
2.991201214643173234e+00
-3.330669073875469621e-16
2.991518109547327775e+00
1.110223024625156540e-16
2.991789553887409081e+00
2.220446049250313081e-16
2.992025519997820293e+00
-3.330669073875469621e-16
2.992233164053221817e+00
-1.110223024625156540e-16
2.992417768584405113e+00
-1.665334536937734811e-16
2.992583327848955310e+00
-1.665334536937734811e-16
2.992732924944801809e+00
5.551115123125782702e-17
2.992868982629087071e+00
-5.551115123125782702e-17
2.992993434859949176e+00
-1.110223024625156540e-16
2.993107847050834991e+00
-3.330669073875469621e-16
2.993213502266407033e+00
2.775557561562891351e-16
2.993311464299280189e+00
-5.551115123125782702e-17
2.993402624794434086e+00
-3.885780586188047891e-16
2.993487739302199024e+00
1.665334536937734811e-16
2.993567455809203359e+00
-5.551115123125782702e-17
2.993642338720852170e+00
0.000000000000000000e+00
2.993712891622208438e+00
1.110223024625156540e-16
2.993779584416546680e+00
1.665334536937734811e-16
2.993842897987800455e+00
0.000000000000000000e+00
2.993903418777143166e+00
-5.551115123125782702e-17
2.993961844937145678e+00
2.775557561562891351e-16
2.993978856873536820e+00
5.551115123125782702e-17
2.993546613473113460e+00
-1.665334536937734811e-16
2.994091894670234844e+00
-2.775557561562891351e-16
2.994144727494200353e+00
-1.665334536937734811e-16
2.994190596050076536e+00
-2.220446049250313081e-16
2.994233422543154610e+00
1.665334536937734811e-16
2.994273961470584666e+00
-2.220446049250313081e-16
2.994312499213745760e+00
5.551115123125782702e-17
2.994348964195962193e+00
5.551115123125782702e-17
2.994371783982414215e+00
1.110223024625156540e-16
2.994299011288878543e+00
-5.551115123125782702e-17
2.994449850246209799e+00
0.000000000000000000e+00
2.994481630654036053e+00
3.330669073875469621e-16
2.994511495843954485e+00
-1.110223024625156540e-16
2.994540092993211111e+00
-2.220446049250313081e-16
2.994567540175341769e+00
-5.551115123125782702e-17
2.994593904666997375e+00
3.330669073875469621e-16
2.994619240455641318e+00
5.551115123125782702e-17
2.994643595042538298e+00
-3.330669073875469621e-16
2.994667011471197959e+00
-2.775557561562891351e-16
2.994689529209830781e+00
-5.551115123125782702e-17
2.994711184661062120e+00
-3.330669073875469621e-16
2.994732011516471282e+00
0.000000000000000000e+00
2.994752041031657708e+00
-2.220446049250313081e-16
2.994771302253213641e+00
0.000000000000000000e+00
2.994789822212975849e+00
-2.220446049250313081e-16
2.994807626098219711e+00
0.000000000000000000e+00
2.994824737403653181e+00
1.110223024625156540e-16
2.994841178069609811e+00
1.665334536937734811e-16
2.994856968610865700e+00
-5.551115123125782702e-17
2.994872128241146569e+00
1.665334536937734811e-16
2.994886675000922427e+00
0.000000000000000000e+00
2.994900625901892433e+00
-1.110223024625156540e-16
2.994913997115354665e+00
1.665334536937734811e-16
2.994926804266853093e+00
2.220446049250313081e-16
2.994939062998343893e+00
-4.996003610813204432e-16
2.994950790284454989e+00
2.997602166487922659e-15
2.994962008293551303e+00
2.220446049250313081e-16
2.994972759699274789e+00
-1.110223024625156540e-16
2.994983209061975238e+00
-1.110223024625156540e-16
2.994962733003797339e+00
-1.665334536937734811e-16
2.995000902349700844e+00
5.551115123125782702e-17
2.995009785389894930e+00
2.775557561562891351e-16
2.995018053943213410e+00
-1.110223024625156540e-16
2.995025815395928603e+00
-1.110223024625156540e-16
2.995033097406342382e+00
3.885780586188047891e-16
2.995039913330587389e+00
2.220446049250313081e-16
2.995046271673040827e+00
1.665334536937734811e-16
2.995052178704346257e+00
1.110223024625156540e-16
2.995057639396370597e+00
2.775557561562891351e-16
2.995062657817852081e+00
0.000000000000000000e+00
2.995067237324489096e+00
0.000000000000000000e+00
2.995071380659937610e+00
0.000000000000000000e+00
2.995075090013974428e+00
-1.110223024625156540e-16
2.995078367058121582e+00
-5.551115123125782702e-17
2.995081212968481843e+00
2.775557561562891351e-16
2.995083628440657897e+00
3.330669073875469621e-16
2.995085613699432159e+00
-5.551115123125782702e-17
2.995087168504704245e+00
-2.220446049250313081e-16
2.995088292154506782e+00
5.551115123125782702e-17
2.995088983485692857e+00
3.885780586188047891e-16
2.995089240872553127e+00
-3.330669073875469621e-16
2.995089062223566856e+00
-1.665334536937734811e-16
2.995088444976435227e+00
5.551115123125782702e-17
2.995087386091391579e+00
2.220446049250313081e-16
2.995085882042887171e+00
2.220446049250313081e-16
2.995083928809533891e+00
-2.775557561562891351e-16
2.995081521862410945e+00
2.775557561562891351e-16
2.995078656151580088e+00
3.885780586188047891e-16
2.995075326090747225e+00
1.665334536937734811e-16
2.995071525540057067e+00
-2.775557561562891351e-16
2.995067247786846742e+00
1.665334536937734811e-16
2.995062485524282003e+00
0.000000000000000000e+00
2.995057230827693928e+00
1.665334536937734811e-16
2.995051475128545526e+00
-5.551115123125782702e-17
2.995045209185736468e+00
4.996003610813204432e-16
2.995038423054158905e+00
-3.885780586188047891e-16
2.995031106050225933e+00
-4.440892098500626162e-16
2.995023246714119569e+00
2.775557561562891351e-16
2.995014832768488233e+00
2.775557561562891351e-16
2.995005851073322845e+00
1.110223024625156540e-16
2.994996287576576321e+00
-2.220446049250313081e-16
2.994986127260209408e+00
2.220446049250313081e-16
2.994975354081178764e+00
3.330669073875469621e-16
2.994963950906891714e+00
4.440892098500626162e-16
2.994951899444560528e+00
-3.330669073875469621e-16
2.994939180163815884e+00
-1.110223024625156540e-16
2.994925772211910697e+00
-1.665334536937734811e-16
2.994911653320659006e+00
-1.665334536937734811e-16
2.994896799704260815e+00
4.440892098500626162e-16
2.994881185946946189e+00
0.000000000000000000e+00
2.994864784879277764e+00
1.665334536937734811e-16
2.994847567441819791e+00
-1.110223024625156540e-16
2.994829502534601229e+00
-2.220446049250313081e-16
2.994810556850747041e+00
-2.220446049250313081e-16
2.994790694692127886e+00
-7.216449660063517513e-16
2.994769877764983157e+00
-5.551115123125782702e-17
2.994748064952678313e+00
-5.551115123125782702e-17
2.994725212062730790e+00
6.106226635438360972e-16
2.994701271544534915e+00
2.775557561562891351e-16
2.994676192173769014e+00
2.220446049250313081e-16
2.994649918698691682e+00
5.551115123125782702e-17
2.994622391442651743e+00
-2.775557561562891351e-16
2.994593545858380779e+00
6.661338147750939243e-16
2.994563312018668100e+00
5.551115123125782702e-17
2.994531614051441970e+00
-5.551115123125782702e-17
2.994498369484253963e+00
-1.110223024625156540e-16
2.994463488510125337e+00
3.885780586188047891e-16
2.994426873140848322e+00
1.110223024625156540e-16
2.994388416242174777e+00
-3.330669073875469621e-16
2.994348000418598055e+00
-1.110223024625156540e-16
2.994305496735350403e+00
-4.440892098500626162e-16
2.994260763222657218e+00
-2.775557561562891351e-16
2.994213643154363336e+00
1.054711873393898713e-15
2.994163963020972652e+00
-6.106226635438360972e-16
2.994111530155216361e+00
6.661338147750939243e-16
2.994056129934326016e+00
5.551115123125782702e-16
2.993997522458745841e+00
8.326672684688674053e-16
2.993935438592022713e+00
-5.551115123125782702e-17
2.993869575210840406e+00
5.551115123125782702e-17
2.993799589471844769e+00
8.881784197001252323e-16
2.993725091843342234e+00
1.665334536937734811e-16
2.993645637567946771e+00
-3.330669073875469621e-16
2.993560716139582301e+00
2.220446049250313081e-16
2.993469738188235141e+00
-2.220446049250313081e-16
2.993372019019606256e+00
-4.996003610813204432e-16
2.993266757710150827e+00
2.775557561562891351e-16
2.993153010286850879e+00
-5.551115123125782702e-17
2.993029654881774082e+00
-3.330669073875469621e-16
2.992895345848059385e+00
1.054711873393898713e-15
2.992748452432058670e+00
2.775557561562891351e-16
2.992586975398404903e+00
4.996003610813204432e-16
2.992408431548361669e+00
-2.775557561562891351e-16
2.992209690260461130e+00
1.082467449009527627e-15
2.991986736415372050e+00
9.714451465470119729e-16
2.991734316534745641e+00
4.996003610813204432e-16
2.991445392778505408e+00
2.498001805406602216e-16
2.991110266254509042e+00
-9.436895709313830594e-16
2.990715100052036668e+00
-5.273559366969493567e-16
2.990239278352237129e+00
-1.304512053934558935e-15
2.989650312804537524e+00
-1.665334536937734811e-16
2.988892985275426906e+00
3.025357742103551573e-15
2.987862759320140782e+00
-7.216449660063517513e-16
2.986325596618668143e+00
-3.802513859341161151e-15
2.983571887537690870e+00
-3.608224830031758756e-15
2.974786329091768433e+00
4.746203430272544210e-15
1.995403989922382326e+00
3.413935800722356362e-15
1.991538911968385284e+00
4.329869796038110508e-15
1.986748404576442084e+00
5.703770789011741726e-15
1.004240912144150899e+00
-6.193504910323444079e-17
9.984964894063881324e-01
-4.559832464954075015e-17
9.982972566283712101e-01
3.196236474816739614e-17
9.982397609569364505e-01
3.412865151077026926e-17
9.982074670681768680e-01
3.686287386450715076e-18
9.981823827744407129e-01
1.752405288750740614e-17
9.981596302039048574e-01
1.896829700213519161e-17
9.981374119136574574e-01
1.497175071152808692e-17
9.981149049169615317e-01
-2.624018735087666723e-17
9.980916556556259644e-01
-1.409401943738071861e-17
9.980673667016619621e-01
8.891379293583520432e-18
9.980418094924697892e-01
2.428600624094464147e-17
9.980147842181135154e-01
4.748791246620942881e-17
9.979860997203042761e-01
2.656294929678694901e-17
9.979555633866616926e-01
5.269233456384121935e-17
9.979229781694933799e-01
-2.233458150360879554e-17
9.978881490484814432e-01
2.870967282431263674e-16
9.978509101974080142e-01
-3.469446021375425067e-17
9.978112100389329164e-01
-1.023487006439668922e-16
9.977693869756611988e-01
2.268150987749669552e-16
9.977272073385538009e-01
-1.775923052548740280e-16
9.976929617364486136e-01
1.803028183375084552e-16
9.977220580830019614e-01
4.668574541280897139e-16
9.990454342516760233e-01
1.328147702653773559e-16
2.917227643058714737e+00
-2.610758847630212987e-16
2.955546528500671677e+00
8.578207606799886981e-16
2.964432477871983718e+00
5.507747142208878508e-17
2.968631425590629203e+00
-2.168404359834410500e-16
2.971003535635098114e+00
-9.736135505430161608e-16
2.972401535681300278e+00
-1.162264735237562318e-16
2.973166951348384046e+00
1.283695369379403894e-16
2.973448836863487266e+00
8.933825934884768921e-17
2.973298767639338536e+00
-3.747002713215158667e-16
2.972698004103819791e+00
-9.627715311704559834e-17
2.971549162360736851e+00
5.342948305039213570e-16
2.969623131999339805e+00
-1.179611964827451561e-16
2.966387326295679028e+00
2.259477330820212479e-16
2.960307631235980619e+00
9.280770594537213394e-17
2.941017179517869451e+00
-6.678685417084271979e-17
1.908950328901402704e+00
4.336808916124216481e-19
1.264367130661426522e-03
-7.940578451339609300e-22
1.798277112768153574e-04
-4.947186297920662549e-22
6.491104993108512075e-05
-5.266814056489980899e-25
3.219410481735963643e-05
-3.593388903203992489e-23
1.880077303952184999e-05
-1.340291086277327654e-23
1.213795836791534016e-05
-7.108583389127581581e-24
8.389140902815460854e-06
5.522076823645016783e-24
6.092048547521709930e-06
-5.803188984942334782e-24
4.593298258561264317e-06
-2.510622406069150404e-24
3.567118499964954747e-06
2.853126878454388425e-24
2.837112363047683264e-06
2.714186384939622058e-24
2.301397877809729963e-06
6.316945693520191814e-25
1.897992675287141502e-06
-3.037303811718148494e-25
1.587540215290288910e-06
-9.305781891221561342e-25
1.344138109042167246e-06
-2.423380700838948266e-26
1.150210084889340087e-06
9.531964089966529847e-26
9.935138823120374687e-07
2.229510244771832405e-25
8.653221761648323742e-07
5.492996255234949403e-26
7.592888937771694839e-07
3.328109495818822286e-25
6.707159952865524012e-07
-3.279641881802043320e-25
5.960697448263255735e-07
-2.092185338390958670e-25
5.326539424722137752e-07
-9.289626019882635021e-26
4.783847255234090943e-07
1.058209572699674076e-25
4.316325442294330861e-07
5.169878828456422968e-26
3.911094477794396836e-07
-2.423380700838948266e-26
3.557874838600856852e-07
3.715850407953054008e-26
3.248388141800815619e-07
-8.077935669463160887e-28
2.975912146364314032e-07
-1.244002093097326777e-25
2.734946251769184394e-07
-1.938704560671158613e-26
2.520957368751721542e-07
-5.573775611929581012e-26
2.330184938375660214e-07
1.615587133892632177e-27
2.159489955437500265e-07
-5.169878828456422968e-26
2.006237062112398817e-07
1.736756168934579591e-26
1.868201730051169196e-07
2.988836197701369528e-26
1.743496644175094962e-07
-2.827277484312106311e-26
1.630512904637588917e-07
-1.898314882323842809e-26
1.527872753238504960e-07
-2.867667162659422115e-26
1.434391328396583018e-07
2.302211665797000853e-26
1.349045542209334559e-07
-1.736756168934579591e-26
1.270948612358423874e-07
-5.654554968624212621e-26
1.199329111597837797e-07
-4.483254296552054293e-26
1.133513647378180052e-07
-1.857925203976527004e-26
1.072912474669849872e-07
4.442864618204738488e-27
1.017007491336549249e-07
4.483254296552054293e-26
9.653421784821200626e-08
-1.171300672072158329e-26
9.175131361369286285e-08
-3.231174267785264355e-27
8.731629334568955441e-08
-4.765982044983264924e-26
8.319740467481633613e-08
-1.211690350419474133e-27
7.936637014605086321e-08
2.302211665797000853e-26
7.579794683509306909e-08
-5.654554968624212621e-27
7.246954912357689734e-08
-3.009031036875027431e-26
6.936092456026209180e-08
-3.372538142000869670e-26
6.645387449788394168e-08
2.181042630755053440e-26
6.373201262313929096e-08
2.039678756539448124e-26
6.118055565872852085e-08
1.151105832898500426e-26
5.878614146493849213e-08
-3.635071051258422399e-26
5.653667054596500502e-08
7.674038885990002843e-27
5.442116760614425976e-08
-2.928251680180395822e-26
5.242966032981829561e-08
-6.866245319043686754e-27
5.055307299653473814e-08
-1.494418098850684764e-26
4.878313290747968324e-08
-1.110716154551184622e-26
4.711228790279963188e-08
4.180331708947185759e-26
4.553363350363951191e-08
-1.211690350419474133e-27
4.404084842601835910e-08
-1.413638742156053155e-26
4.262813739318360533e-08
-4.281305904815475270e-26
4.129018032460538469e-08
-5.250658185151054577e-27
4.002208710798244407e-08
-5.210268506803738772e-26
3.881935726943206470e-08
-8.603001487978266345e-26
3.767784394958878603e-08
-2.382991022491632462e-26
3.659372167224326197e-08
-3.624973631671593448e-26
3.556345745962660219e-08
2.170945211168224488e-26
3.458378490622381258e-08
-6.795563381935884097e-26
3.365168087265002912e-08
5.250658185151054577e-26
3.276434450380837964e-08
3.231174267785264355e-27
3.191917831240674146e-08
7.684136305576831794e-26
3.111377110071356045e-08
-3.897603960515975128e-26
3.034588252101684931e-08
-9.562256348727016700e-26
2.961342909914970599e-08
-6.866245319043686754e-26
2.891447156623197093e-08
-5.917087877881765350e-26
2.824720336188756732e-08
-1.385365967312932092e-25
2.760994018798536492e-08
7.189362745822213190e-26
2.700111050573641337e-08
5.058807213001304506e-26
2.641924688110480341e-08
-1.900334366241208599e-25
2.586297809403390293e-08
-2.763663740915083919e-25
2.533102193633738489e-08
-2.433478120425777217e-25
2.482217863127328645e-08
1.506535002354879506e-25
2.433532481502780395e-08
4.432767198617909537e-26
2.386940802673377054e-08
4.139942030599869955e-26
2.342344165921595011e-08
2.107331467771202097e-25
2.299650032771876467e-08
8.106208444306281951e-25
2.258771561818543226e-08
-3.818844087738709310e-25
2.219627218067360637e-08
-7.230257295148870442e-25
2.182140413689525840e-08
-1.551872416299741496e-24
2.146239177409135958e-08
-2.401671248727266021e-25
2.111855849967057889e-08
-2.634416770203673344e-24
2.078926803517575080e-08
-1.428835358634230727e-24
2.047392182716175931e-08
1.968895845235777177e-24
2.017195665847146485e-08
3.959400168387368309e-24
1.988284244193043656e-08
1.561172139739210960e-23
1.960608018177030854e-08
-1.204576718320553137e-23
1.934120008906746507e-08
-1.682792529436689627e-22
1.908775983854196924e-08
-1.899676014484147351e-22
1.884534295580308258e-08
4.363994532092682431e-21
1.861355726141924070e-08
2.750068487285339915e-17
1.839203380234716241e-08
-3.813922857867578549e-21
1.818042494389656213e-08
1.797298782164267957e-22
1.797840381211106593e-08
-5.298519953992623805e-24
1.778566288075880750e-08
-1.793932807344998526e-23
1.760191301667224193e-08
1.061657841488576163e-23
1.742688253740314365e-08
-3.745233898950726256e-24
1.726031633844599857e-08
4.121362778560104685e-24
1.710197508553062607e-08
6.490621310413649773e-25
1.695163446736903127e-08
1.368099379819454586e-24
1.680908450493098970e-08
-1.616697850047183362e-24
1.667412891321711933e-08
-4.717514430966485958e-25
1.654658451330686190e-08
4.449680376425848030e-25
1.642628068972971836e-08
2.454177830578776567e-25
1.631305889225529898e-08
-2.009134062289290547e-25
1.620677217855570424e-08
-2.638960609017746372e-25
1.610728479573277841e-08
-3.418481401120941398e-25
1.601447179865615428e-08
1.015043103965980310e-25
1.592821870323356547e-08
5.354156735916051326e-26
1.584842117297774246e-08
-1.894275914489111228e-25
1.577498473733860601e-08
1.493913227871343317e-25
1.570782454051650357e-08
-1.862973913769941480e-25
1.564686511957275702e-08
1.629723521314192709e-25
1.559204021081832912e-08
-1.045082927236796440e-26
1.554329258361957352e-08
-5.495520610131656641e-26
1.550057390086755940e-08
-1.147824171532781017e-25
1.546384460550403544e-08
-1.678696006310313122e-26
1.543307383262772599e-08
4.319171228266083837e-26
1.540823934680626634e-08
1.486845034160563051e-25
1.538932750436568709e-08
2.865142807762714877e-26
1.537633324052807660e-08
-2.924465147835334965e-26
1.536926008139420204e-08
6.740027574208324865e-26
1.536812018088962411e-08
2.988836197701369528e-26
1.537293438290234252e-08
-9.832362322674691143e-27
1.538373230897432699e-08
-2.581152881883150627e-26
1.540055247201802640e-08
-3.051945070119050473e-26
1.542344241667117734e-08
-3.527785968148364794e-26
1.545245888702423018e-08
3.592157018014399357e-26
1.548766802260036055e-08
-6.676918701790643921e-27
1.552914558360467779e-08
-4.985600920996794610e-27
1.557697720661697552e-08
1.979094239018474417e-26
1.563125869206188603e-08
-1.350529869738372211e-26
1.569209632495887970e-08
1.927344963635976043e-26
1.575960723063500525e-08
-2.227112107619960529e-26
1.583391976728920781e-08
1.139746235863317856e-26
1.591517395749011939e-08
9.927025631301212559e-27
1.600352196093055773e-08
1.584032697683791705e-26
1.609912859099805352e-08
-2.317988883901421089e-26
1.620217187798835527e-08
-5.616689645173604055e-27
1.631284368207773578e-08
-3.887506540929146177e-27
1.643135035948184070e-08
2.863565085952272854e-26
1.655791348557315517e-08
2.294954145468967544e-26
1.669277063910208055e-08
-3.972703518693015452e-26
1.683617625207690505e-08
-7.511533539514474411e-27
1.698840253030890076e-08
4.539105648641701928e-27
1.714974045011908641e-08
1.414585375242318369e-26
1.732050083725128784e-08
1.703939555277385500e-27
1.750101553463027930e-08
8.027448571529016132e-27
1.769163866626769655e-08
-1.703624010915297095e-26
1.789274800534459845e-08
-1.440144468571479152e-26
1.810474645530872778e-08
2.896697243971555349e-27
1.832806365371482678e-08
3.488342922887314204e-27
1.856315770953017068e-08
-1.811224638387443105e-27
1.881051708572198457e-08
-7.077660041642917918e-27
1.907066264016793437e-08
9.990134503718893504e-27
1.934414983928833532e-08
5.906990458294936399e-27
1.963157116031154896e-08
-6.342441677976934916e-27
1.993355869977310929e-08
1.186446801452401755e-27
2.025078700773230445e-08
1.570779834476078707e-26
2.058397616929820879e-08
-1.155523453967738093e-26
2.093389515741326830e-08
-5.484161013096474071e-27
2.130136548348724060e-08
1.368200354015322875e-26
2.168726517543850563e-08
-1.069695387479692008e-26
2.209253311603010160e-08
-4.139942030599869955e-27
2.251817377813857860e-08
-4.171496466808710427e-27
2.296526239781284026e-08
3.559340404357205266e-27
2.343495063074363178e-08
1.204117285729352420e-26
2.392847274314247279e-08
1.527865801232055665e-26
2.444715239411427187e-08
8.532319550870463687e-27
2.499241007349832076e-08
-4.619569460974245132e-27
2.556577126697060236e-08
-1.167514139727097472e-26
2.616887542908303929e-08
7.661417111506466654e-27
2.680348585502045565e-08
-2.776790386377961555e-28
2.747150055337295289e-08
-5.061331567898011744e-27
2.817496423536878815e-08
-1.262177448353618889e-28
2.891608155104004827e-08
-1.514612938024342666e-27
2.969723172001000913e-08
5.566202547239459299e-27
3.052098472433442200e-08
-1.905887947013964522e-27
3.139011925352648367e-08
4.013724285764508066e-27
3.230764261802206433e-08
-7.875987277726581865e-27
3.327681287748393433e-08
9.365356666783852154e-27
3.430116346517399692e-08
-1.666074231826776933e-27
3.538453062995968253e-08
3.950615413346827122e-27
3.653108406432577146e-08
-2.915629905696859633e-27
3.774536114117787721e-08
-8.835242138475332221e-28
3.903230524564033853e-08
4.316646873369376599e-27
4.039730876210347482e-08
-3.277874833374348254e-26
4.184626136344962529e-08
1.669860764171837790e-26
4.338560435107871396e-08
1.024888088063138538e-26
4.502239191394029811e-08
8.709024393639970332e-27
4.676436031576654730e-08
3.577010888634155930e-26
4.862000618634842948e-08
-1.248293496421729081e-26
5.059867529018542863e-08
-1.481796324367148575e-26
5.271066338052291732e-08
-3.130200071916974844e-27
5.496733102647268608e-08
-1.613062778995924940e-26
5.738123463516405146e-08
-1.600441004512388751e-26
5.996627629159019648e-08
-2.524354896707237777e-28
6.273787552067090011e-08
-4.518595265105955621e-27
6.571316665739637298e-08
3.660314600225494777e-27
6.891122621460909828e-08
-1.633257618169582842e-26
7.235333549275465108e-08
1.236933899386546511e-26
7.606328471797672648e-08
3.624973631671593448e-26
8.006772627000270848e-08
-3.756240086300369813e-26
8.439658612764565989e-08
9.643035705421648309e-27
8.908354459165729714e-08
-1.921034076394207949e-26
9.416659973760985621e-08
-2.418331991045533791e-26
9.968873002839569442e-08
2.014435207572375746e-26
1.056986762363651544e-07
2.554647155467724631e-26
1.122518674970354515e-07
1.898314882323842809e-26
1.194115222122928972e-07
3.973334607417192261e-26
1.272499620007796135e-07
-3.483609757455988133e-27
1.358501864339827587e-07
-1.249555673870082700e-26
1.453077685361820452e-07
-4.301500743989133173e-26
1.557331468227451336e-07
-9.054861014488861907e-26
1.672544101665620163e-07
-1.119551396689659954e-25
1.800206986036612016e-07
-2.978738778114540577e-27
1.942063784998045822e-07
-3.256417816752336733e-27
2.100161973305832142e-07
1.108191799654477384e-26
2.276916859206704386e-07
-1.230370576655107693e-25
2.475191603390016495e-07
-6.373996114185775388e-26
2.698397903125521587e-07
2.574841994641382533e-26
2.950623583431629846e-07
-1.594382552760291380e-25
3.236795516879307880e-07
2.089156112514909985e-25
3.562889345553858654e-07
4.407523649650837159e-26
3.936201799739945712e-07
3.393742723133210468e-25
4.365707599407338476e-07
-3.874884766445609988e-26
4.862531910761123007e-07
3.297564801568664709e-25
5.440582553610421679e-07
5.965050620919202868e-25
6.117406183765988578e-07
-1.346238466413969907e-25
6.915360902980259102e-07
-3.256417816752336733e-25
7.863248871840116168e-07
-3.917041493220620859e-25
8.998617976988105123e-07
-1.701415200380678262e-26
1.037106574074242345e-06
5.708323727924076786e-25
1.204706754929226295e-06
-7.328707136120452715e-25
1.411717777189222899e-06
3.747404844161894480e-25
1.670701664662394852e-06
9.054356143509520460e-25
1.999446675422097570e-06
-5.746946357843697524e-25
2.423737893798176831e-06
1.654941826732298014e-24
2.981971229474674429e-06
2.844518828256616745e-24
3.733136826426132809e-06
3.102432168053195228e-25
4.771264262648831174e-06
2.274645710324957816e-24
6.252984877748593513e-06
-1.031350436598709066e-23
8.453607217509318444e-06
1.514696241735934005e-23
1.189061707154370358e-05
4.496860569445306304e-24
1.762454250855139391e-05
3.701635765529695552e-23
2.809652830875584989e-05
2.191973087457795779e-23
4.993836051411617481e-05
1.956282653558889793e-22
1.065057455713851859e-04
-8.437272540299642771e-23
3.310796827037146522e-04
-1.866119209484140764e-21
3.935997263266845063e-03
2.673447765014934412e-20
1.941398143410594468e+00
2.065405138615178206e-17
2.949469822979319478e+00
-1.448494102451236214e-16
2.967594768810184025e+00
-5.915407053084951160e-16
2.972773018971093695e+00
8.684459401573549548e-17
2.975741995096495174e+00
5.301748623423824424e-17
2.977714646903121487e+00
8.153200337070798505e-17
2.979122711260815404e+00
6.787105599766830822e-16
2.980169538225430959e+00
3.660266534315606808e-16
2.980965723418863789e+00
7.329206685997466135e-16
2.981577033463027604e+00
-5.371137562500257160e-16
2.982044929819500201e+00
9.228728892195099129e-16
2.982396506939340775e+00
-4.638216893899551291e-16
2.982649727092361314e+00
3.512815038853034366e-17
2.982816332287195671e+00
1.507041019761919357e-16
2.982903501846923877e+00
9.452074539723578946e-16
2.982914765888958541e+00
-1.208668581887951059e-15
2.982850421215822223e+00
1.127570259381895385e-16
2.982707552289605157e+00
-2.380040609040179334e-15
2.982479661084907363e+00
1.436134197675409889e-15
2.982155812228673764e+00
-1.102850449853315339e-15
2.981719061610951016e+00
7.099355825433063550e-16
2.981143686931281067e+00
-1.136894398068552385e-15
2.980390219240302230e+00
-6.153931531020654974e-16
2.979396073389239508e+00
1.090273704651019362e-15
2.978056475564463401e+00
-1.337038119109477478e-15
2.976181226805959756e+00
-2.970713952610383123e-15
2.973379351780406132e+00
2.283329775251443112e-16
2.968679365435925810e+00
-2.218711325774588709e-15
2.958507266976570627e+00
-1.318823522610812235e-15
2.884027379576416195e+00
7.702172233337023499e-16
9.998188389953085453e-01
5.233227046153386212e-15
9.988344378546455404e-01
-5.377642775482663605e-17
9.987359078210710228e-01
8.985867605562385104e-16
9.987185424286437740e-01
4.900593819659723591e-17
9.987192367720680863e-01
-1.314053033051926503e-16
9.987255447926941532e-01
-9.666746569880757534e-16
9.987338428543567348e-01
-2.957703526539951225e-16
9.987428168629514103e-01
4.466912950626141881e-16
9.987519211096467231e-01
-1.973247953928666780e-16
9.987609097432785799e-01
-3.903127820957913382e-17
9.987696678816037066e-01
3.282964178287117168e-16
9.987781427555317837e-01
-2.597748405273249140e-16
9.987863128129284007e-01
2.272487753535675745e-16
9.987941728220590676e-01
7.463647755390717395e-16
9.988017262871374813e-01
2.584737979205947442e-16
9.988089813797724759e-01
3.014082039510207198e-16
9.988159486476487769e-01
1.301042606477734341e-18
9.988226397689521363e-01
-2.350550309951602839e-16
9.988290667971111425e-01
-4.969982758676581551e-16
9.988352417336890943e-01
-4.098284211992177535e-16
9.988411762814537465e-01
-1.292368989613323576e-16
9.988468817068173466e-01
2.636779683481717558e-16
9.988523687687177466e-01
-2.103352214616829892e-16
9.988576476881267929e-01
-4.787836793694977839e-16
9.988627281424075077e-01
-1.916869440940740323e-16
9.988676192746691607e-01
1.765081136803371993e-16
9.988723297120419842e-01
1.140580685458284761e-16
9.988768675888205495e-01
3.035766083040191772e-17
9.988812405721715360e-01
-1.049507702956375744e-16
9.988854558886653967e-01
-1.301042607083579517e-18
9.988895203507538456e-01
6.245004513556895218e-17
9.988934403825129316e-01
-4.250072516254248997e-17
9.988972220443548267e-01
1.691355389006704980e-17
9.989008710564415416e-01
7.546047120569792798e-17
9.989043928207582690e-01
9.107298248807555309e-17
9.989077924418093835e-01
-1.340073885199656545e-16
9.989110747459306605e-01
2.498001805404582732e-16
9.989142442993186322e-01
1.348747502583579548e-16
9.989173054247568739e-01
1.183948772353161100e-16
9.989202622172166368e-01
-2.168404344960911448e-17
9.989231185582990724e-01
1.153591111526596202e-16
9.989258781296734835e-01
-1.348747502571967516e-16
9.989285444255346924e-01
3.469446952044490965e-17
9.989311207641867751e-01
1.552577510994193640e-16
9.989336102987927957e-01
2.298508605638977141e-17
9.989360160273538236e-01
1.778091562856032433e-17
9.989383408019987254e-01
1.700029006453231985e-16
9.989405873376288048e-01
1.127570259506093646e-17
9.989427582199290612e-01
1.951563910736440890e-17
9.989448559128671912e-01
-3.903127820543919179e-18
9.989468827656626804e-01
2.688821387764050996e-17
9.989488410192728374e-01
-8.847089727582690377e-17
9.989507328124617169e-01
2.103352214625917570e-16
9.989525601874639227e-01
-1.994931997374337901e-16
9.989543250952624964e-01
3.946495907917918077e-17
9.989560294005336294e-01
6.548581121822544201e-17
9.989576748862772915e-01
-8.456776945195083613e-17
9.989592632581130172e-01
1.561251128439710902e-17
9.989607961483975007e-01
-9.497611031104285297e-17
9.989622751199518369e-01
6.071532165918824830e-17
9.989637016696728544e-01
-2.818925648452214109e-17
9.989650772318579008e-01
2.125036258152368047e-17
9.989664031813458855e-01
-8.239936510283988523e-18
9.989676808364810201e-01
4.206704429152880428e-17
9.989689114618768295e-01
1.023486850832374637e-16
9.989700962710319487e-01
-4.336808689861238379e-17
9.989712364287978152e-01
2.428612866508893806e-17
9.989723330536685042e-01
2.328866266508960944e-16
9.989733872199981768e-01
7.025630077665679054e-17
9.989743999600371183e-01
9.497611030952824003e-17
9.989753722658675228e-01
1.561251128419516063e-17
9.989763050912821019e-01
5.290906601658579701e-17
9.989771993534571903e-01
-1.604619215187669786e-17
9.989780559346319588e-01
-1.153591111531644911e-16
9.989788756836427419e-01
-8.456776945285960389e-17
9.989796594173900868e-01
-8.673617379076241905e-18
9.989804079222247557e-01
2.038300084262650916e-17
9.989811219552674482e-01
8.196568423869244486e-17
9.989818022456353752e-01
2.550043509685906429e-16
9.989824494956540679e-01
-2.515349040257247063e-17
9.989830643819425093e-01
-1.509209424101841656e-16
9.989836475564936036e-01
1.062518129022667700e-16
9.989841996476808150e-01
3.426078865023901753e-17
9.989847212612112948e-01
-4.510281037539698445e-17
9.989852129810341541e-01
8.456776945790831369e-18
9.989856753702084369e-01
-2.428612866438211869e-17
9.989861089717276821e-01
8.890457814239772485e-17
9.989865143092827582e-01
-2.250803710067790301e-16
9.989868918880306925e-01
-2.406928822907722424e-17
9.989872421952890047e-01
-6.440160904573993758e-17
9.989875657012091681e-01
7.199102425273457183e-17
9.989878628594263121e-01
2.623769257445212989e-17
9.989881341076588539e-01
-2.450296909807142601e-17
9.989883798683029115e-01
5.507747036185972846e-17
9.989886005489870824e-01
1.626303258728256651e-17
9.989887965430951366e-01
-1.270684946162098874e-16
9.989889682302802720e-01
9.324138683294558776e-17
9.989891159769425100e-01
4.813857645956808722e-17
9.989892401367007624e-01
-6.049848122358043126e-17
9.989893410508178251e-01
7.849623728714272746e-17
9.989894190486262593e-01
4.597017211399123318e-17
9.989894744479468347e-01
-2.580401170525597973e-17
9.989895075554446890e-01
7.155734338404329264e-17
9.989895186670167959e-01
5.204170427829447087e-18
9.989895080681469031e-01
1.843143693225357538e-17
9.989894760342161728e-01
-1.023486850830355154e-16
9.989894228308522361e-01
2.233456475421113330e-17
9.989893487142237349e-01
1.598114002249691987e-16
9.989892539313419695e-01
-4.380176776760658557e-17
9.989891387203290174e-01
-6.006480035408135851e-17
9.989890033107049483e-01
1.886511779983413841e-17
9.989888479236347374e-01
-1.728218262954010971e-16
9.989886727722002702e-01
-4.119968255465111688e-17
9.989884780615407855e-01
3.469446952074783224e-17
9.989882639892732064e-01
-1.604619215272488111e-16
9.989880307455119013e-01
5.204170427930421283e-18
9.989877785131839882e-01
2.172741153669028821e-16
9.989875074682035283e-01
1.437652080705681460e-16
9.989872177796661479e-01
-7.589415207398531038e-17
9.989869096100230106e-01
2.099015405925878132e-16
9.989865831152794362e-01
-2.305013818716299330e-16
9.989862384451412280e-01
-2.450296909837434860e-17
9.989858757431909764e-01
7.589415207418725877e-17
9.989854951470363842e-01
-1.285863776573866710e-16
9.989850967884645883e-01
2.255140518769849223e-17
9.989846807935829354e-01
-8.998878031690271320e-17
9.989842472829530973e-01
-2.096847001591004543e-16
9.989837963717306257e-01
-5.247538514850036300e-17
9.989833281697846346e-01
1.053844511653890826e-16
9.989828427818204792e-01
8.283304597748864197e-17
9.989823403074995500e-01
-1.517883041485764659e-16
9.989818208415464085e-01
8.673617383923003307e-19
9.989812844738554798e-01
3.989863994706266639e-17
9.989807312895979674e-01
4.597017211277954283e-17
9.989801613693146676e-01
-7.936359902694866653e-17
9.989795747890172217e-01
-4.683753384955625602e-17
9.989789716202716052e-01
-6.722053469288958456e-17
9.989783519302863901e-01
2.341876692932196683e-17
9.989777157820036724e-01
1.778091562876227272e-17
9.989770632341629097e-01
-2.081668171091389157e-17
9.989763943413948466e-01
9.324138683476312328e-17
9.989757091542813550e-01
-3.686287386612273789e-17
9.989750077194342603e-01
-1.474514954438922156e-17
9.989742900795564040e-01
4.900593819573895524e-17
9.989735562735091445e-01
-4.293440602941623363e-17
9.989728063363788602e-01
3.382710778296137708e-17
9.989720402995233561e-01
9.324138683435922650e-17
9.989712581906411426e-01
-3.751339516805903793e-16
9.989704600338196183e-01
-3.946495907887625818e-17
9.989696458495890274e-01
-6.722053469349542973e-17
9.989688156549737519e-01
-1.192622389727996426e-16
9.989679694635387186e-01
-3.122502256637083735e-17
9.989671072854326983e-01
-8.673617379682087080e-18
9.989662291274419292e-01
-4.302114220430559530e-16
9.989653349930185389e-01
8.413408858527904086e-17
9.989644248823397188e-01
-1.890848588798563862e-16
9.989634987923320386e-01
1.431146867781840049e-17
9.989625567167161879e-01
8.847089727400936825e-17
9.989615986460439467e-01
-7.936359902432333744e-17
9.989606245677377094e-01
-1.999268806039036369e-16
9.989596344661167970e-01
-5.074066167232160751e-17
9.989586283224440866e-01
1.075528555105620399e-16
9.989576061149495478e-01
-7.849623728795052102e-17
9.989565678188696563e-01
8.543513119508892367e-17
9.989555134064794784e-01
5.811323644562693445e-17
9.989544428471270887e-01
-1.721713049894864138e-16
9.989533561072649892e-01
-5.117434254414308677e-17
9.989522531504858582e-01
-5.811323644805031515e-17
9.989511339375597432e-01
-2.216109240572487967e-16
9.989499984264624821e-01
1.149254302830595732e-16
9.989488465724213340e-01
3.469446949126336705e-18
9.989476783279536143e-01
4.284766985670791459e-16
9.989464936429021114e-01
4.770489558734271118e-17
9.989452924644834919e-01
1.309716224342294517e-16
9.989440747373375951e-01
1.821459649937206163e-17
9.989428404035721742e-01
-1.994931997341016416e-16
9.989415894028271792e-01
-1.283695372222837250e-16
9.989403216723262702e-01
-5.464378949488501061e-17
9.989390371469556440e-01
2.602085213844041607e-17
9.989377357593297591e-01
1.734723475855638059e-17
9.989364174398732699e-01
2.298508605681386304e-16
9.989350821169243888e-01
2.445960101139414907e-16
9.989337297168324747e-01
-1.743397093328418355e-16
9.989323601640771599e-01
-5.551115123489289807e-17
9.989309733813990233e-01
7.546047120781838609e-17
9.989295692899592405e-01
-2.775557561643670708e-17
9.989281478095033417e-01
-1.344410693914337241e-16
9.989267088585604970e-01
2.428612866367529932e-16
9.989252523546764406e-01
-2.428612866205971219e-17
9.989237782146578315e-01
-2.090341788552052549e-16
9.989222863548867792e-01
-1.092875789909817116e-16
9.989207766916461395e-01
-2.185751579718660035e-16
9.989192491415340713e-01
-9.540979117670490628e-17
9.989177036219130112e-01
-9.020562075200565926e-17
9.989161400514483535e-01
-2.766883944158773509e-16
9.989145583507368364e-01
2.229119666622119181e-16
9.989129584430341824e-01
-3.035766082797853702e-17
9.989113402551200727e-01
-5.204170429949905201e-18
9.989097037183019001e-01
1.734723473957323177e-18
9.989080487696176958e-01
-5.030698080211571539e-17
9.989063753532644307e-01
-7.112366251343350374e-17
9.989046834222788940e-01
1.726049858596923059e-16
9.989029729405779490e-01
2.775557560755097784e-17
9.989012438854024678e-01
-1.162264728888304882e-16
9.988994962502725228e-01
-2.541369892289866522e-16
9.988977300485825106e-01
-1.977584762613560088e-16
9.988959453180026316e-01
-1.127570259304145255e-17
9.988941421259087683e-01
1.196959198391685152e-16
9.988923205760963375e-01
-3.217912047904665417e-16
9.988904808171875649e-01
-2.159730727550735154e-16
9.988886230532114663e-01
4.163336342263557670e-17
9.988867475570517573e-01
6.245004512870270686e-17
9.988848546876853973e-01
-2.341876692891807004e-17
9.988829449125471438e-01
-3.989863994827435674e-17
9.988810188368022480e-01
-1.734723478400187795e-18
9.988790772422059261e-01
7.112366250697115520e-17
9.988771211393340232e-01
-1.318389841685827842e-16
9.988751518388271355e-01
-2.923009057037075825e-16
9.988731710501396188e-01
-1.890848588830875604e-16
9.988711810208434905e-01
-9.887923813390917865e-17
9.988691847368988963e-01
-1.396452398217875261e-16
9.988671862166983439e-01
-7.979727989654871348e-17
9.988651909524376427e-01
-9.280770596314359242e-17
9.988632065881244415e-01
-1.726049858556533381e-16
9.988612439837846191e-01
-8.933825900876659753e-17
9.988593189101852010e-01
-1.543903893659747992e-16
9.988574547190032238e-01
-4.423544863660078734e-17
9.988556861192040559e-01
2.541369892297944458e-16
9.988540613117978806e-01
-4.336808689942017736e-16
9.988526157390519300e-01
3.651592916890789255e-16
9.988510535981207639e-01
-8.673617387154177575e-18
9.988438042174938580e-01
2.220446049274546888e-16
9.984067957432897211e-01
-9.194034422353960174e-17
9.925234925482713244e-01
8.066464163696049772e-17
9.987893760918787889e-01
1.786765180143020208e-16
9.988171943885791881e-01
1.509209424051354558e-16
9.988205747393270606e-01
1.439820485028438146e-16
9.988204855909885715e-01
-5.811323643876068913e-17
9.988192672386454474e-01
5.551115123125782702e-17
9.988175223660152868e-01
9.194034422353960174e-17
9.988154778260552868e-01
-2.012279232246187329e-16
9.988132390591033527e-01
1.647987302662642880e-17
9.988108620124921400e-01
2.185751579763088682e-16
9.988083791728129546e-01
-2.602085218811972043e-18
9.988058106652384360e-01
-7.025630078190744873e-17
9.988031695700045898e-01
-1.734723475976807094e-18
9.988004647006271108e-01
1.170938346284344789e-16
9.987977021574234726e-01
1.318389841871620362e-16
9.987948862446793807e-01
-1.058181320345852328e-16
9.987920200367735868e-01
-3.556183126075571970e-17
9.987891057409210571e-01
1.647987302016408026e-17
9.987861449370195599e-01
5.030698081463651568e-17
9.987831387406475026e-01
-1.318389841758529263e-16
9.987800879164446810e-01
7.025630077544510019e-17
9.987769929586506334e-01
3.382710776862304127e-17
9.987738541493184075e-01
-8.673617392808732543e-18
9.987706716011097718e-01
3.295974604840609620e-17
9.987674452891609489e-01
9.020562074756279464e-17
9.987641750751274916e-01
-3.903127822886520523e-17
9.987608607255065163e-01
4.336808677017320665e-18
9.987575019257312059e-01
-2.255140518446731796e-17
9.987540982911069509e-01
-2.437286483779725710e-16
9.987506493753171011e-01
4.336808689942017736e-17
9.987471546771188313e-01
-6.938893904876580658e-17
9.987436136455543068e-01
4.336808689295782882e-17
9.987400256840780477e-01
6.505213032328087190e-17
9.987363901537817945e-01
2.602085201040513570e-18
9.987327063758911772e-01
2.428612866690647359e-17
9.987289736337018331e-01
6.158268340687017465e-17
9.987251911740322452e-01
1.734723485670329898e-18
9.987213582082989927e-01
1.249000902800236336e-16
9.987174739132573809e-01
1.240327285420352301e-16
9.987135374314758396e-01
7.546047120175993434e-17
9.987095478715768415e-01
1.734723495363852701e-18
9.987055043082594397e-01
7.806255628970934854e-18
9.987014057821966828e-01
1.734723456589761488e-18
9.986972512997035478e-01
-2.862293735361731706e-17
9.986930398323319302e-01
-2.168404345294126295e-17
9.986887703163065400e-01
9.280770598737739943e-17
9.986844416518537715e-01
-1.214306434476234673e-17
9.986800527024120022e-01
1.257674519986249915e-16
9.986756022969747182e-01
3.295974608233342601e-17
9.986710892111473337e-01
-1.821459650034141391e-16
9.986665122048481447e-01
5.290906603021731345e-17
9.986618699815247302e-01
-6.418476861114186249e-17
9.986571612050255675e-01
2.949029908514337207e-17
9.986523844990612409e-01
-5.551115125064487263e-17
9.986475384279424050e-01
1.101549407245272505e-16
9.986426215328431111e-01
-3.469446939028917118e-18
9.986376322921755033e-01
-9.540979092023044877e-18
9.986325691385282699e-01
-4.857225735319999279e-17
9.986274304497841925e-01
6.418476864991595371e-17
9.986222145519414450e-01
1.196959198553243866e-16
9.986169197153859090e-01
-8.413408852671400726e-17
9.986115441561800310e-01
6.158268337132725771e-17
9.986060860228438418e-01
2.949029911745511475e-17
9.986005434121060231e-01
-2.515349038873900580e-17
9.985949143442193199e-01
-4.250072515496942528e-17
9.985891967817378534e-01
-5.290906600436791931e-17
9.985833886102625234e-01
1.222980050563649002e-16
9.985774876474893258e-01
-1.908195827451896925e-17
9.985714916307051325e-01
-4.597017212631008507e-17
9.985653982227247205e-01
-6.462348535570528710e-26
9.985592049990436037e-01
-6.245004512224035833e-17
9.985529094532333838e-01
1.474514951995346616e-17
9.985465089865052102e-01
-2.428612854735302568e-17
9.985400009093059470e-01
3.469446946783735360e-17
9.985333824320844487e-01
2.168404333338781504e-17
9.985266506685849253e-01
-1.040834093340902499e-17
9.985198026231209001e-01
4.943961902656491098e-17
9.985128351931230606e-01
5.030698082917679988e-17
9.985057451585571675e-01
-1.908195818404608975e-17
9.984985291852350731e-01
-2.341876684813871335e-17
9.984911838135897000e-01
-4.770489569275977167e-17
9.984837054546861213e-01
-4.597017211338538800e-17
9.984760903907928808e-01
2.602085033019451646e-18
9.984683347654733643e-01
-9.367506754765121824e-17
9.984604345800005554e-01
5.030698067408043503e-17
9.984523856933572583e-01
-2.168404368235463596e-17
9.984441838146216330e-01
4.857225714640483965e-17
9.984358245010669375e-01
-2.515349037581430873e-17
9.984273031590856773e-01
3.122502241248616285e-17
9.984186150408406180e-01
4.510281032369819617e-17
9.984097552489480387e-01
4.857225758584454007e-17
9.984007187389286608e-01
7.979728015342706777e-17
9.983915003299007607e-01
1.066854936174772715e-16
9.983820947165296111e-01
-5.377642749678707850e-17
9.983724964917374267e-01
2.168404324291493554e-17
9.983627001761684605e-01
1.439820481441834708e-16
9.983527002634563496e-01
-1.778091556672372678e-16
9.983424912826883713e-01
-1.387778811800718646e-17
9.983320678878976340e-01
-1.127570300743955239e-17
9.983214249847662813e-01
6.678685299792646058e-17
9.983105579092076409e-01
5.811323644522303766e-17
9.982994626843316732e-01
-1.014813232412456385e-16
9.982881363884011927e-01
-7.806254194329559957e-18
9.982765776929893864e-01
-8.673618620654954302e-18
9.982647876565673428e-01
6.245004596234566795e-17
9.982527709192986487e-01
6.245004596234566795e-17
9.982405375349669985e-01
1.561251128379126385e-17
9.982281058510009686e-01
2.029626429669736736e-16
9.982155071618032949e-01
-4.770489848449433903e-17
9.982027934800017377e-01
6.158268463794757068e-17
9.981900510267311954e-01
2.602085544837455663e-17
9.981774247545101009e-01
-1.734723434617776467e-16
9.981651654780734351e-01
4.163335349727601963e-17
9.981537268608097202e-01
-1.734738365227833049e-18
9.981439829051650392e-01
1.379105064139888134e-16
9.981377732634569844e-01
7.719516821118831400e-17
9.981394945734894941e-01
-1.994932659117818201e-16
9.981618935692514460e-01
-1.188283463461744724e-16
9.982563609591871279e-01
-1.049502409010047953e-16
9.988534462554302662e-01
9.713244443520282351e-17
