-1.794709891162844784e+01
-1.212042094656989519e-02
-1.798440319963053469e+01
-1.217032939496804668e-02
-1.802187279306409096e+01
-1.222056776547263482e-02
-1.805950885687929031e+01
-1.227113915452561835e-02
-1.809731256754258766e+01
-1.232204669692579628e-02
-1.813528511318519776e+01
-1.237329356642526482e-02
-1.817342769375399669e+01
-1.242488297633707883e-02
-1.821174152116482858e+01
-1.247681818015443367e-02
-1.825022781945826011e+01
-1.252910247218150946e-02
-1.828888782495790366e+01
-1.258173918817637876e-02
-1.832772278643126640e+01
-1.263473170600608320e-02
-1.836673396525326751e+01
-1.268808344631435457e-02
-1.840592263557236308e+01
-1.274179787320202720e-02
-1.844529008447945984e+01
-1.279587849492067400e-02
-1.848483761217957522e+01
-1.285032886457954451e-02
-1.852456653216629689e+01
-1.290515258086626614e-02
-1.856447817139921597e+01
-1.296035328878158283e-02
-1.860457387048420941e+01
-1.301593468038836354e-02
-1.864485498385681694e+01
-1.307190049557534553e-02
-1.868532287996858443e+01
-1.312825452283585687e-02
-1.872597894147664732e+01
-1.318500060006191910e-02
-1.876682456543640143e+01
-1.324214261535403871e-02
-1.880786116349749548e+01
-1.329968450784708295e-02
-1.884909016210309574e+01
-1.335763026855262686e-02
-1.889051300269259670e+01
-1.341598394121813927e-02
-1.893213114190771051e+01
-1.347474962320337893e-02
-1.897394605180216587e+01
-1.353393146637450924e-02
-1.901595922005495254e+01
-1.359353367801616023e-02
-1.905817215018725364e+01
-1.365356052176212517e-02
-1.910058636178315794e+01
-1.371401631854489607e-02
-1.914320339071413812e+01
-1.377490544756459004e-02
-1.918602478936750799e+01
-1.383623234727783362e-02
-1.922905212687881615e+01
-1.389800151640685315e-02
-1.927228698936837503e+01
-1.396021751496949286e-02
-1.931573098018186840e+01
-1.402288496533052320e-02
-1.935938572013527903e+01
-1.408600855327481367e-02
-1.940325284776412573e+01
-1.414959302910295813e-02
-1.944733401957712715e+01
-1.421364320874969091e-02
-1.949163091031442718e+01
-1.427816397492604437e-02
-1.953614521321037145e+01
-1.434316027828536240e-02
-1.958087864026110481e+01
-1.440863713861419149e-02
-1.962583292249691169e+01
-1.447459964604839305e-02
-1.967100981025950546e+01
-1.454105296231518983e-02
-1.971641107348443001e+01
-1.460800232200186455e-02
-1.976203850198847789e+01
-1.467545303385168858e-02
-1.980789390576247300e+01
-1.474341048208780390e-02
-1.985397911526941428e+01
-1.481188012776582866e-02
-1.990029598174805869e+01
-1.488086751015577948e-02
-1.994684637752218848e+01
-1.495037824815423529e-02
-1.999363219631559119e+01
-1.502041804172737048e-02
-2.004065535357291239e+01
-1.509099267338575266e-02
-2.008791778678651951e+01
-1.516210800969171671e-02
-2.013542145582950127e+01
-1.523377000280005250e-02
-2.018316834329491982e+01
-1.530598469203308179e-02
-2.023116045484155379e+01
-1.537875820549080425e-02
-2.027939981954612136e+01
-1.545209676169725238e-02
-2.032788849026227851e+01
-1.552600667128379262e-02
-2.037662854398648093e+01
-1.560049433871055560e-02
-2.042562208223084497e+01
-1.567556626402685435e-02
-2.047487123140322396e+01
-1.575122904467175095e-02
-2.052437814319467435e+01
-1.582748937731576905e-02
-2.057414499497440374e+01
-1.590435405974491290e-02
-2.062417399019241415e+01
-1.598182999278809080e-02
-2.067446735879015307e+01
-1.605992418228922858e-02
-2.072502735761906578e+01
-1.613864374112510339e-02
-2.077585627086755338e+01
-1.621799589127036201e-02
-2.082695641049635427e+01
-1.629798796591092058e-02
-2.087833011668255878e+01
-1.637862741160699825e-02
-2.092997975827255885e+01
-1.645992179050740495e-02
-2.098190773324401448e+01
-1.654187878261621086e-02
-2.103411646917722067e+01
-1.662450618811357750e-02
-2.108660842373593880e+01
-1.670781192973194371e-02
-2.113938608515799444e+01
-1.679180405518944375e-02
-2.119245197275595416e+01
-1.687649073968197633e-02
-2.124580863742797021e+01
-1.696188028843562123e-02
-2.129945866217919459e+01
-1.704798113932125964e-02
-2.135340466265393999e+01
-1.713480186553300449e-02
-2.140764928767886133e+01
-1.722235117833240473e-02
-2.146219521981748812e+01
-1.731063792986030359e-02
-2.151704517593631394e+01
-1.739967111601827682e-02
-2.157220190778282642e+01
-1.748945987942179120e-02
-2.162766820257567701e+01
-1.758001351242700905e-02
-2.168344688360737393e+01
-1.767134146023359095e-02
-2.173954081085982182e+01
-1.776345332406572761e-02
-2.179595288163297795e+01
-1.785635886443351361e-02
-2.185268603118701947e+01
-1.795006800447742842e-02
-2.190974323339835905e+01
-1.804459083339806855e-02
-2.196712750142982173e+01
-1.813993760997393428e-02
-2.202484188841548018e+01
-1.823611876616985927e-02
-2.208288948816032615e+01
-1.833314491083880629e-02
-2.214127343585539975e+01
-1.843102683351995758e-02
-2.219999690880863596e+01
-1.852977550833602785e-02
-2.225906312719187952e+01
-1.862940209799283930e-02
-2.231847535480449807e+01
-1.872991795788432959e-02
-2.237823689985411235e+01
-1.883133464030638596e-02
-2.243835111575478436e+01
-1.893366389878275990e-02
-2.249882140194321778e+01
-1.903691769250664273e-02
-2.255965120471345031e+01
-1.914110819090160051e-02
-2.262084401807052458e+01
-1.924624777830564321e-02
-2.268240338460366345e+01
-1.935234905878230327e-02
-2.274433289637955014e+01
-1.945942486106291142e-02
-2.280663619585610746e+01
-1.956748824362408365e-02
-2.286931697681757214e+01
-1.967655249990506866e-02
-2.293237898533128316e+01
-1.978663116366933400e-02
-2.299582602072690918e+01
-1.989773801451513724e-02
-2.305966193659860863e+01
-2.000988708353997753e-02
-2.312389064183098597e+01
-2.012309265916404841e-02
-2.318851610164932708e+01
-2.023736929311794122e-02
-2.325354233869492759e+01
-2.035273180660006342e-02
-2.331897343412616053e+01
-2.046919529660947562e-02
-2.338481352874613606e+01
-2.058677514246010781e-02
-2.345106682415760702e+01
-2.070548701248237436e-02
-2.351773758394600122e+01
-2.082534687091875877e-02
-2.358483013489138358e+01
-2.094637098501975214e-02
-2.365234886821024674e+01
-2.106857593234735815e-02
-2.372029824082784799e+01
-2.119197860829298563e-02
-2.378868277668230746e+01
-2.131659623381749330e-02
-2.385750706806114607e+01
-2.144244636342099511e-02
-2.392677577697132207e+01
-2.156954689335042682e-02
-2.399649363654395273e+01
-2.169791607005356476e-02
-2.406666545247448497e+01
-2.182757249888786499e-02
-2.413729610449963303e+01
-2.195853515309349399e-02
-2.420839054791215617e+01
-2.209082338303999457e-02
-2.427995381511458106e+01
-2.222445692575630502e-02
-2.435199101721322279e+01
-2.235945591475469590e-02
-2.442450734565361259e+01
-2.249584089015903635e-02
-2.449750807389876428e+01
-2.263363280914877304e-02
-2.457099855915157960e+01
-2.277285305673030363e-02
-2.464498424412276734e+01
-2.291352345684759956e-02
-2.471947065884588568e+01
-2.305566628384517203e-02
-2.479446342254077962e+01
-2.319930427429621467e-02
-2.486996824552725371e+01
-2.334446063920995323e-02
-2.494599093119041555e+01
-2.349115907663254163e-02
-2.502253737799947686e+01
-2.363942378465639510e-02
-2.509961358158180644e+01
-2.378927947485397210e-02
-2.517722563685392601e+01
-2.394075138615197468e-02
-2.525537974021155563e+01
-2.409386529916349509e-02
-2.533408219178050658e+01
-2.424864755099575414e-02
-2.541333939773058503e+01
-2.440512505055218717e-02
-2.549315787265459932e+01
-2.456332529434850434e-02
-2.557354424201475496e+01
-2.472327638286320531e-02
-2.565450524465862259e+01
-2.488500703744370504e-02
-2.573604773540726498e+01
-2.504854661779087888e-02
-2.581817868771790714e+01
-2.521392514004507091e-02
-2.590090519642377132e+01
-2.538117329549842427e-02
-2.598423448055385876e+01
-2.555032246995889850e-02
-2.606817388623544218e+01
-2.572140476379334781e-02
-2.615273088968223902e+01
-2.589445301267736740e-02
-2.623791310027142032e+01
-2.606950080908201559e-02
-2.632372826371248919e+01
-2.624658252452791163e-02
-2.641018426531154262e+01
-2.642573333263967261e-02
-2.649728913333429858e+01
-2.660698923303447122e-02
-2.658505104247156936e+01
-2.679038707608080716e-02
-2.667347831741099284e+01
-2.697596458856491713e-02
-2.676257943651887672e+01
-2.716376040030429873e-02
-2.685236303563646487e+01
-2.735381407174998503e-02
-2.694283791199477918e+01
-2.754616612262091035e-02
-2.703401302825263386e+01
-2.774085806161642742e-02
-2.712589751666256532e+01
-2.793793241725493759e-02
-2.721850068336951267e+01
-2.813743276988946856e-02
-2.731183201284747497e+01
-2.833940378495330287e-02
-2.740590117247950275e+01
-2.854389124749196968e-02
-2.750071801728670451e+01
-2.875094209804064660e-02
-2.759629259481211250e+01
-2.896060446990910212e-02
-2.769263515016561428e+01
-2.917292772793974448e-02
-2.778975613123645871e+01
-2.938796250880813810e-02
-2.788766619407999414e+01
-2.960576076293850237e-02
-2.798637620848590046e+01
-2.982637579811137085e-02
-2.808589726373531192e+01
-3.004986232484446740e-02
-2.818624067455445115e+01
-3.027627650363230033e-02
-2.828741798727332579e+01
-3.050567599413512784e-02
-2.838944098619769463e+01
-3.073812000641264197e-02
-2.849232170020364663e+01
-3.097366935430365814e-02
-2.859607240956402308e+01
-3.121238651105824602e-02
-2.870070565301679721e+01
-3.145433566733558256e-02
-2.880623423508575698e+01
-3.169958279168685195e-02
-2.891267123366453262e+01
-3.194819569364981682e-02
-2.902003000787554043e+01
-3.220024408958912371e-02
-2.912832420621593243e+01
-3.245579967142445815e-02
-2.923756777500346615e+01
-3.271493617839686674e-02
-2.934777496713559231e+01
-3.297772947203322924e-02
-2.945896035117610268e+01
-3.324425761447802330e-02
-2.957113882078428446e+01
-3.351460095037257086e-02
-2.968432560450216329e+01
-3.378884219247260678e-02
-2.979853627591670673e+01
-3.406706651120707668e-02
-2.991378676421428295e+01
-3.434936162839410945e-02
-3.003009336514614347e+01
-3.463581791534381393e-02
-3.014747275242409330e+01
-3.492652849559160777e-02
-3.026594198956746951e+01
-3.522158935252289735e-02
-3.038551854222284732e+01
-3.552109944216552684e-02
-3.050622029097964472e+01
-3.582516081144541953e-02
-3.062806554470629194e+01
-3.613387872222059705e-02
-3.075107305443232519e+01
-3.644736178142898853e-02
-3.087526202780417961e+01
-3.676572207770932577e-02
-3.100065214414346215e+01
-3.708907532487767944e-02
-3.112726357013839618e+01
-3.741754101266968335e-02
-3.125511697620110496e+01
-3.775124256518588850e-02
-3.138423355352522037e+01
-3.809030750750936473e-02
-3.151463503188062987e+01
-3.843486764099710712e-02
-3.164634369818410775e+01
-3.878505922778274079e-02
-3.177938241588747559e+01
-3.914102318506719469e-02
-3.191377464522726370e+01
-3.950290528981554444e-02
-3.204954446438267723e+01
-3.987085639452368768e-02
-3.218671659159183918e+01
-4.024503265476793434e-02
-3.232531640827941999e+01
-4.062559576930402372e-02
-3.246536998325225909e+01
-4.101271323353945786e-02
-3.260690409802353429e+01
-4.140655860726733667e-02
-3.274994627332977615e+01
-4.180731179761679184e-02
-3.289452479690978492e+01
-4.221515935825090327e-02
-3.304066875261870706e+01
-4.263029480592329251e-02
-3.318840805095636881e+01
-4.305291895559375942e-02
-3.333777346109367556e+01
-4.348324027539929304e-02
-3.348879664448753601e+01
-4.392147526288259912e-02
-3.364151019018046185e+01
-4.436784884399476436e-02
-3.379594765188895167e+01
-4.482259479651585360e-02
-3.395214358699139723e+01
-4.528595619967380748e-02
-3.411013359753485474e+01
-4.575818591189396989e-02
-3.426995437338933925e+01
-4.623954707877778875e-02
-3.443164373768699704e+01
-4.673031367358961019e-02
-3.459524069469512142e+01
-4.723077107273296327e-02
-3.476078548028264947e+01
-4.774121666891570359e-02
-3.492831961515284434e+01
-4.826196052494777233e-02
-3.509788596102805514e+01
-4.879332607138145428e-02
-3.526952877998756719e+01
-4.933565085149971274e-02
-3.544329379717585482e+01
-4.988928731748452916e-02
-3.561922826711631984e+01
-5.045460368195792134e-02
-3.579738104388486875e+01
-5.103198482948802239e-02
-3.597780265541959466e+01
-5.162183329309626145e-02
-3.616054538226562443e+01
-5.222457030129304401e-02
-3.634566334108058072e+01
-5.284063690171780098e-02
-3.653321257325399074e+01
-5.347049516806734459e-02
-3.672325113902569171e+01
-5.411462949767587710e-02
-3.691583921752224740e+01
-5.477354800786761457e-02
-3.711103921316871634e+01
-5.544778404004955391e-02
-3.730891586897533330e+01
-5.613789778146055509e-02
-3.750953638724440964e+01
-5.684447801555349289e-02
-3.771297055829559497e+01
-5.756814401318198493e-02
-3.791929089786360407e+01
-5.830954757810099393e-02
-3.812857279388718723e+01
-5.906937526180170567e-02
-3.834089466347792552e+01
-5.984835076440161300e-02
-3.855633812093741852e+01
-6.064723754023380181e-02
-3.877498815777867236e+01
-6.146684162895397346e-02
-3.899693333580646026e+01
-6.230801473544868296e-02
-3.922226599442137029e+01
-6.317165758462642278e-02
-3.945108247343638652e+01
-6.405872358035763492e-02
-3.968348335283332773e+01
-6.497022280145546558e-02
-3.991957371104321339e+01
-6.590722637173243581e-02
-4.015946340351083421e+01
-6.687087124590473941e-02
-4.040326736350264980e+01
-6.786236545854737456e-02
-4.065110592734291828e+01
-6.888299388954235991e-02
-4.090310518651821070e+01
-6.993412460664456820e-02
-4.115939736938020133e+01
-7.101721585407377857e-02
-4.142012125550795787e+01
-7.213382376562575693e-02
-4.168542262616644933e+01
-7.328561089189848665e-02
-4.195545475472991370e+01
-7.447435564413468212e-02
-4.223037894143156734e+01
-7.570196277221291625e-02
-4.251036509736783131e+01
-7.697047501186941865e-02
-4.279559238333867199e+01
-7.828208605679143339e-02
-4.308624990985714476e+01
-7.963915503535125284e-02
-4.338253750553390375e+01
-8.104422270017311303e-02
-4.368466656205228560e+01
-8.250002957228683154e-02
-4.399286096512533106e+01
-8.400953632138286054e-02
-4.430735812219820247e+01
-8.557594671093869676e-02
-4.462841009926341229e+01
-8.720273349332544055e-02
-4.495628488104050291e+01
-8.889366770741284618e-02
-4.529126777098890955e+01
-9.065285191212596461e-02
-4.563366295024192709e+01
-9.248475798693601979e-02
-4.598379521765537703e+01
-9.439427024826063661e-02
-4.634201193685709086e+01
-9.638673477404528789e-02
-4.670868522059412697e+01
-9.846801600357218964e-02
-4.708421438796084146e+01
-1.006445618936218644e-01
-4.746902873645233001e+01
-1.029234791755192224e-01
-4.786359067847823212e+01
-1.053126205832514012e-01
-4.826839930130566358e+01
-1.078206863274186744e-01
-4.868399442078553818e+01
-1.104573425950378524e-01
-4.911096121316948171e+01
-1.132333604896164914e-01
-4.954993552651072264e+01
-1.161607796270079929e-01
-5.000160999442752541e+01
-1.192531016202168226e-01
-5.046674110151366222e+01
-1.225255199872035128e-01
-5.094615738288795370e+01
-1.259951946897389652e-01
-5.144076898223423200e+01
-1.296815816805332866e-01
-5.195157884580103769e+01
-1.336068306675120276e-01
-5.247969589770413279e+01
-1.377962680294778919e-01
-5.302635062924511544e+01
-1.422789867592111346e-01
-5.359291364831511117e+01
-1.470885719233612776e-01
-5.418091788324667135e+01
-1.522639990615873296e-01
-5.479208533121527580e+01
-1.578507551348216909e-01
-5.542835950210901785e+01
-1.639022484375619593e-01
-5.609194505986726398e+01
-1.704815973267385376e-01
-5.678535664105364589e+01
-1.776639207100238482e-01
-5.751147948824765166e+01
-1.855393005740281487e-01
-5.827364545310780386e+01
-1.942166555217978707e-01
-5.907572922064075271e+01
-2.038288655069036837e-01
-5.992227146671979909e+01
-2.145396396212297385e-01
-6.081863837407032491e+01
-2.265528502536468536e-01
-6.177123095945353271e+01
-2.401254173055179242e-01
-6.278776376131239090e+01
-2.555853997221426144e-01
-6.387764186705530278e+01
-2.733578870461535471e-01
-6.505248019942341386e+01
-2.940028512854284681e-01
-6.632683329619746360e+01
-3.182718273212269966e-01
-6.771924460426585313e+01
-3.471951309913833827e-01
-6.925379511744225169e+01
-3.822203219249784567e-01
-7.096245905095268824e+01
-4.254401085351199874e-01
-7.288881591280923544e+01
-4.799837045719764217e-01
-7.509415021041152727e+01
-5.507235996668228273e-01
-7.766799418813687339e+01
-6.456322781554242329e-01
-8.074752112823685479e+01
-7.785910097904316096e-01
-8.455614605874599476e+01
-9.757924502372182785e-01
-8.948872556236460696e+01
-1.292318353663094221e+00
-9.632837211235514019e+01
-1.863427577260685641e+00
-1.069275382905384220e+02
-3.112607368455932555e+00
-1.272457476609678224e+02
-7.118694233766641233e+00
-1.910308597572043254e+02
-4.906145483378205086e+01
-6.358700197452697012e+01
-1.103166634688997618e+02
-5.098961804418652832e+01
-7.209791250162474796e+01
-4.939395399207476345e+01
-5.696572464755694654e+01
-4.931784776096824174e+01
-4.846472769613714604e+01
-4.968196588746858566e+01
-4.287390735465508840e+01
-5.022571005164367364e+01
-3.885604993651858763e+01
-5.086200117849342917e+01
-3.579985898066778560e+01
-5.155628111254246448e+01
-3.338165454007980770e+01
-5.229369185387110974e+01
-3.141206032189909436e+01
-5.306797946377882624e+01
-2.977187362397015846e+01
-5.387720771783756391e+01
-2.838152165655583303e+01
-5.472231933943864135e+01
-2.718435641574991379e+01
-5.561275344861148540e+01
-2.613080593987006139e+01
-5.656505950821716766e+01
-2.531493616231781374e+01
-5.748592726369180639e+01
-2.448025317953714364e+01
-5.849262731238133739e+01
-2.376072421065276075e+01
-5.955352420425992932e+01
-2.312250022396779769e+01
-6.067304732674025303e+01
-2.255167892574018040e+01
-6.185799797535179323e+01
-2.203902089542427944e+01
-6.311662251022873704e+01
-2.157750125760066595e+01
-6.445874007930090954e+01
-2.116159670090873846e+01
-6.589607602780026241e+01
-2.078694538026614680e+01
-6.744274080207364364e+01
-2.045015057678045878e+01
-6.911588507842321860e+01
-2.014866723193876652e+01
-7.093659865624729832e+01
-1.988075200851967850e+01
-7.293116204866605301e+01
-1.964547457675627840e+01
-7.513282372236653828e+01
-1.944280065919387113e+01
-7.758438348825143294e+01
-1.927377350140165646e+01
-8.034205162526973254e+01
-1.914084715480465704e+01
-8.348140058848592560e+01
-1.904847551365176983e+01
-8.710689610501768243e+01
-1.900416516546175316e+01
-9.136786372443458504e+01
-1.902043150376124814e+01
-9.648674609508105959e+01
-1.911865654782464574e+01
-1.028126582527576858e+02
-1.933733930629666986e+01
-1.109322323234489858e+02
-1.975174836491975938e+01
-1.219277179013563455e+02
-2.052814313146740943e+01
-1.380871042768874872e+02
-2.210871007885852890e+01
-1.654335403240765459e+02
-2.609809028386210983e+01
-2.280140065246568497e+02
-4.367631784818618002e+01
-2.212313616837812731e+02
-3.400788617838330197e+02
-4.552179940488046128e+01
-2.006348034650411591e+02
-3.490368966801116102e+01
-1.542253800558938224e+02
-3.226806285593683299e+01
-1.333137444745541416e+02
-3.118281197599649346e+01
-1.221502668850294526e+02
-3.042907409039332833e+01
-1.167229722258840070e+02
-2.935239364993299205e+01
-1.165533181059779224e+02
-2.634458013514730723e+01
-1.249051600281764109e+02
-6.123616588185498699e-01
-1.599520710582574168e+02
1.347894578846357092e+02
-1.098947129420863433e+02
4.849774043402325674e+01
-1.329962928777904629e+01
1.188964647679439679e+01
-6.321044355458457886e+00
-9.705851222643527620e+00
-4.327894512326656340e+00
-2.608757761990231216e+01
-3.579351912373062827e+00
-4.065533399556161953e+01
-3.419052902451359621e+00
-5.556819095086576255e+01
-3.780613888918741505e+00
-7.356467214395257770e+01
-5.078030762767562933e+00
-1.016862244885142559e+02
-9.806902826791645822e+00
-1.723007377241146401e+02
-6.753815993492254677e+01
-7.734410363256884580e+01
-1.152170737800000495e+02
-3.995169871532887385e+01
-9.617779349939240774e+01
-3.660317770840290308e+01
-8.155166004682011760e+01
-3.585634742313339274e+01
-7.448390579495962527e+01
-3.570135791763046029e+01
-7.023784383201115133e+01
-3.576747545480248647e+01
-6.739206642394361779e+01
-3.593888451289910080e+01
-6.535953699362974589e+01
-3.616924925765250975e+01
-6.385287096014464936e+01
-3.643702050707882023e+01
-6.271606771320961116e+01
-3.673106242519271802e+01
-6.185907505686962793e+01
-3.704510083867936032e+01
-6.122871283306042045e+01
-3.737526143417000668e+01
-6.079466306614615689e+01
-3.771882355064659009e+01
-6.054258106696990893e+01
-3.807346691583451559e+01
-6.047110297946751700e+01
-3.843666985483824305e+01
-6.059150636235057164e+01
-3.880500766194685980e+01
-6.092985091808179021e+01
-3.917318569061237099e+01
-6.153251843640353513e+01
-3.953187386125355829e+01
-6.247722114789807790e+01
-3.986365887972118571e+01
-6.389569080424359981e+01
-4.013260727885910484e+01
-6.602229239234972624e+01
-4.025484423083908325e+01
-6.931171642691495549e+01
-3.999368652453377848e+01
-7.477660541134378036e+01
-3.842192359276341307e+01
-8.525991537769918693e+01
-2.797986966305188616e+01
-1.132274047962252297e+02
7.808826392856349230e+01
-6.343615908192968078e+01
2.017050868545136666e+01
-2.148575702343192617e+01
-1.009117665157468480e+00
-1.714516634510242454e+01
-1.325278705335631102e+01
-1.576166021858891497e+01
-2.204848396979635083e+01
-1.513512238748123373e+01
-2.916670051012290088e+01
-1.480631340215483505e+01
-3.539667181380278294e+01
-1.462763028937509091e+01
-4.117704256469804847e+01
-1.454094876037549966e+01
-4.680580726711926332e+01
-1.452283978253943530e+01
-5.253499098959059666e+01
-1.456841359243661671e+01
-5.863552573061971174e+01
-1.468896335954251953e+01
-6.547662292831428488e+01
-1.492096082977217009e+01
-7.368670715436206820e+01
-1.536125832406078473e+01
-8.461860970451992614e+01
-1.631074148579575223e+01
-1.023143108803747481e+02
-1.917611350445367080e+01
-1.479951788904194814e+02
-4.446134249415041495e+01
-7.366447812095299241e+01
-9.622113909505173979e+01
-6.584020608928439344e+01
-7.360745019225282704e+01
-6.646118106522560254e+01
-6.599394811420594920e+01
-6.853482180535289103e+01
-6.246853065064046007e+01
-7.139456830933562514e+01
-6.069498769425914020e+01
-7.503274477793027586e+01
-5.989139783230236702e+01
-7.969558176475376854e+01
-5.975311834683390089e+01
-8.594632511028052591e+01
-6.020718031198423859e+01
-9.508231008684057883e+01
-6.144271918935555021e+01
-1.108792778448414822e+02
-6.457243629143073349e+01
-1.517232727155522980e+02
-8.144178694181357514e+01
-7.760018917412882899e+01
-1.798233543700158634e+02
-5.451463950587902474e+01
-1.340626447686620963e+02
-5.338570122162067833e+01
-1.198955989030720417e+02
-5.530852236024212232e+01
-1.144758960683962812e+02
-5.749964155841814062e+01
-1.119330998444591359e+02
-6.079091502064324004e+01
-1.121338522153019142e+02
-6.516300610678716509e+01
-1.147360169252802962e+02
-7.115850627410591756e+01
-1.203312430414423773e+02
-8.004574841762048720e+01
-1.309181530504909290e+02
-9.532803632284252160e+01
-1.532023199466707979e+02
-1.294160754396162929e+02
-2.319801380898568937e+02
1.402527928532550447e+02
-2.307811350418554355e+02
8.083542754252491136e+01
-1.306811116287865389e+02
5.642715495755963673e+01
-1.071591380964066502e+02
4.277449329304334924e+01
-9.552283611044202871e+01
3.363616407244430206e+01
-8.827519980235628339e+01
2.679783888738295516e+01
-8.320561139730691025e+01
2.155578734366388005e+01
-7.959603248327107394e+01
1.717203251043681078e+01
-7.670803592076556754e+01
1.342952649639181573e+01
-7.444264185376903242e+01
1.014262786172253605e+01
-7.263310040162423320e+01
7.192906949805433214e+00
-7.118095832966443481e+01
4.494241427893488350e+00
-7.002027342115957254e+01
1.981969599430154716e+00
-6.910568982659003723e+01
-3.898982518166107525e-01
-6.841384012778976853e+01
-2.662262490253546332e+00
-6.791360756690710332e+01
-4.868657846589364624e+00
-6.759918892192897033e+01
-7.037102460095365331e+00
-6.746445706225703987e+01
-9.193640470878293058e+00
-6.750975331929315360e+01
-1.136319158438389465e+01
-6.774140538355305807e+01
-1.357068680600248456e+01
-6.817220617730993126e+01
-1.584217191647964285e+01
-6.882259912772934740e+01
-1.820595619713546398e+01
-6.972277063029571309e+01
-2.069388942508171425e+01
-7.091610483265367293e+01
-2.334283563435392495e+01
-7.246486937551270557e+01
-2.619635876664533569e+01
-7.445981525197238682e+01
-2.930644666523376785e+01
-7.703712831752577017e+01
-3.273445212744309174e+01
-8.041029927503014108e+01
-3.654813090666522868e+01
-8.493529467099010333e+01
-4.080262546457197459e+01
-9.125994240052338569e+01
-4.545047844029383555e+01
-1.007267716804844326e+02
-4.984397935953856518e+01
-1.167700594942017176e+02
-4.778908440805747659e+01
-1.524713994592873973e+02
6.423448200553123399e+01
-1.575979925979212624e+02
3.333371438183390723e+01
-4.786577359627187178e+01
-3.073146978233874904e+01
-3.938414473501053692e+01
-9.255547396105824021e+01
-4.576197132032468318e+01
-2.118823127794440211e+02
-8.242618704526508111e+01
-1.084218822793034889e+02
-5.071562486583939062e+02
4.930100138501661888e+01
-3.607224936435512745e+02
1.076886338261716247e+02
-4.285626678845869719e+02
4.521849780535442278e+02
-1.345074099680412871e+02
2.521387434564655337e+02
-2.527263628281061614e+01
1.826784782525072330e+02
-1.169706621072198161e+01
1.454007057960706106e+02
-7.089290408160474399e+00
1.212686723386002257e+02
-4.900454365895916098e+00
1.039710252031057536e+02
-3.665699273673394210e+00
9.074236373098953834e+01
-2.891681137198310658e+00
8.015773809364686997e+01
-2.370518260525993348e+00
7.139975092703579662e+01
-2.001045138652038258e+00
6.396202463355983525e+01
-1.728782884248944995e+00
5.751203662389229976e+01
-1.522095777749501000e+00
5.182115461121414057e+01
-1.361507699112445069e+00
4.672617003644909062e+01
-1.234457271179017157e+00
4.210685002186991710e+01
-1.132531118530897496e+00
3.787218274307051047e+01
-1.049917000343717932e+00
3.395159802299902907e+01
-9.824964655101909861e-01
3.028916366996860177e+01
-9.272908463000709700e-01
2.683962887780117512e+01
-8.821113865540270993e-01
2.356565049886635421e+01
-8.453319678686925798e-01
2.043579683498183641e+01
-8.157380538433992578e-01
1.742307330579510705e+01
-7.924245569511999543e-01
1.450380373077713614e+01
-7.747261051848501889e-01
1.165675570864649302e+01
-7.621694906098590572e-01
8.862432740748054982e+00
-7.544419076864408158e-01
6.102477219766327288e+00
-7.513710066737413484e-01
3.359141718338227722e+00
-7.529143984232087305e-01
6.147937579018121212e-01
-7.591574081779776106e-01
-2.148577165533955835e+00
-7.703188175844477570e-01
-4.949881448054604505e+00
-7.867652270134245507e-01
-7.809514737004415785e+00
-8.090356723809729589e-01
-1.075004899299421801e+01
-8.378794277019500081e-01
-1.379708467297447605e+01
-8.743117811469356404e-01
-1.698034090066590807e+01
-9.196954123362894862e-01
-2.033509481644697203e+01
-9.758595503426865658e-01
-2.390413665049095471e+01
-1.045276668112747442e+00
-2.774049805190647078e+01
-1.131329534771841505e+00
-3.191136484727377010e+01
-1.238724826043243743e+00
-3.650385356214961519e+01
-1.374153056818937735e+00
-4.163381784056671364e+01
-1.547379606353570081e+00
-4.745977653044828060e+01
-1.773126597582205699e+00
-5.420591473471865385e+01
-2.074489130827659178e+00
-6.220210000950989127e+01
-2.489537417105275097e+00
-7.195814316347897943e+01
-3.085116076274578401e+00
-8.431345864723010664e+01
-3.988756262159255606e+00
-1.007736178514999494e+02
-5.473230672465882130e+00
-1.243928134644131518e+02
-8.228650201237762474e+00
-1.626937315522432925e+02
-1.455141645770950021e+01
-2.420039240748338898e+02
-3.764417021221304083e+01
-3.611263866103040527e+02
-3.665408765531776680e+02
-3.659446055020613642e+01
-2.946729385207246992e+02
-1.309077044252926569e+01
-2.409307114794569031e+02
-3.760597777361515348e+00
-2.323573058617769789e+02
8.525283083436203668e+00
-2.551728665984072677e+02
7.393350154308599542e+01
-3.581830013117416343e+02
2.899546310539274714e+02
-9.772906201010241034e+01
1.695806849567601091e+02
-3.692266650526057248e+01
1.228582485758246463e+02
-2.616307306145606759e+01
9.683760559837128312e+01
-2.193241052390046164e+01
7.975894515852370148e+01
-1.968613965344455963e+01
6.746791065798390719e+01
-1.829356965747496488e+01
5.807900285975534871e+01
-1.734680573352046906e+01
5.059777218544626720e+01
-1.666365928330901980e+01
4.444432565108251509e+01
-1.615049133472869514e+01
3.925521893683796293e+01
-1.575413742976060227e+01
3.478990433105592217e+01
-1.544208950105626421e+01
3.088221327244438186e+01
-1.519330037489035945e+01
2.741331532911608804e+01
-1.499351300177618285e+01
2.429575970595476520e+01
-1.483271183832466100e+01
2.146360785697761031e+01
-1.470364894966406411e+01
1.886609116673872677e+01
-1.460094962107930883e+01
1.646339845540759228e+01
-1.452054722774670914e+01
1.422379815542797488e+01
-1.445931365092196508e+01
1.212162350319876580e+01
-1.441481033076767382e+01
1.013583115312431815e+01
-1.438511624208674355e+01
8.248949973536481295e+00
-1.436870636292632319e+01
6.446300961829049214e+00
-1.436436415123318966e+01
4.715409068574491158e+00
-1.437111746140378088e+01
3.045553103675043616e+00
-1.438819095834949557e+01
1.427416434776970888e+00
-1.441497036809577637e+01
-1.471878180466461572e-01
-1.445097537374499908e+01
-1.685535946116388573e+00
-1.449583893252085254e+01
-3.194170912026320863e+00
-1.454929143692127802e+01
-4.679047875913415311e+00
-1.461114858163950636e+01
-6.145655644492245884e+00
-1.468130209522455409e+01
-7.599119915000954961e+00
-1.475971269074589998e+01
-9.044292919035983758e+00
-1.484640470136355894e+01
-1.048583318217236204e+01
-1.494146189169412864e+01
-1.192827851837446929e+01
-1.504502383910688046e+01
-1.337611503471174856e+01
-1.515728195870151396e+01
-1.483384485758289983e+01
-1.527847343486062570e+01
-1.630605567942827605e+01
-1.540886929222148538e+01
-1.779749671022971214e+01
-1.554874740761466079e+01
-1.931317075315240217e+01
-1.569832499384843416e+01
-2.085847311161352735e+01
-1.585756778474202378e+01
-2.243952316153717774e+01
-1.602553834114907616e+01
-2.406485246685732449e+01
-1.619731930682116428e+01
-2.577336286320833736e+01
-1.633564148562823704e+01
-2.749324639044406737e+01
-1.674700302395536511e+01
-2.924712754567568140e+01
-1.692475047334510307e+01
-3.110630848383400249e+01
-1.715937975346159661e+01
-3.305377017671553119e+01
-1.742154857974671600e+01
-3.510078794070165031e+01
-1.770819042493127071e+01
-3.726282837402033721e+01
-1.802038899818122175e+01
-3.955888088890517906e+01
-1.836072858991994750e+01
-4.201222920665852456e+01
-1.873286068567616880e+01
-4.465177463259183810e+01
-1.914156974193725702e+01
-4.751398062622864416e+01
-1.959307429051663618e+01
-5.064573521724019400e+01
-2.009556055947830799e+01
-5.410866947031232144e+01
-2.066005685349594501e+01
-5.798589030426770563e+01
-2.130188850345787088e+01
-6.239290234418596270e+01
-2.204320446272735268e+01
-6.749619162767817215e+01
-2.291762683352944308e+01
-7.354674617048209484e+01
-2.397945354501647230e+01
-8.094509720212204229e+01
-2.532362338522373690e+01
-9.037997508428779270e+01
-2.713450330846688630e+01
-1.031636988263385319e+02
-2.982606189579274059e+01
-1.222024124654407302e+02
-3.455255568989128534e+01
-1.556717223955976124e+02
-4.597287471159653194e+01
-2.343486505330843102e+02
-1.071250761306031336e+02
-7.086567878623824868e+01
-2.538401753073618465e+02
-2.490335388826103014e+01
-1.757480101571656803e+02
-1.860221988417819006e+01
-1.476151702724671395e+02
-1.701941978355211305e+01
-1.336007800855494736e+02
-1.684530570974292374e+01
-1.263225756075961499e+02
-1.712018448772083801e+01
-1.237467689416145049e+02
-1.713595926535868585e+01
-1.261700702612200757e+02
-1.479473005592153356e+01
-1.377895268503316970e+02
2.291138058912977726e+01
-1.833041537801309460e+02
5.953048081561182414e+01
-8.001851542698342712e+01
2.975929144555107086e+01
-6.729710368588123970e+01
1.590246690461550827e+01
-6.353849481825676548e+01
6.757484660201093618e+00
-6.160089746245035514e+01
-3.900873180635784365e-01
-6.052693848768106477e+01
-6.561848913729242838e+00
-6.006680018433418411e+01
-1.225290741674350414e+01
-6.015140560222061339e+01
-1.774856433700059455e+01
-6.079207479570810335e+01
-2.322904759971584099e+01
-6.207098259773549387e+01
-2.875135272493515259e+01
-6.423841558891015779e+01
-3.306426392922217161e+01
-6.876441464095819356e+01
-3.558385888199371294e+01
-4.083504611405987816e+01
-7.055806887778672376e+01
-1.018238073541948836e+02
-5.590909200578001759e+01
-9.730960253749285016e+01
-6.097772677433817989e+01
-1.064070537472508988e+02
-6.628048850743334697e+01
-1.227521559516333127e+02
-7.094136549737616804e+01
-1.493619620752916148e+02
-6.708758432301021912e+01
-2.088955197306353284e+02
9.871055092890753713e+01
-1.512028922403309537e+02
7.701496735639457825e+01
-2.127388612618589718e+02
9.079608473941634372e+01
-1.309145621429159974e+02
7.751935264773088363e+01
-1.036120543766665776e+02
6.714081637964565630e+01
-8.963927828185323676e+01
5.915547480601983210e+01
-8.094434164789220176e+01
5.276886033842489354e+01
-7.494134730516179843e+01
4.747413034091096051e+01
-7.052465912596767339e+01
4.295387335165496268e+01
-6.713510627180161805e+01
3.900141291788436604e+01
-6.445672185351364192e+01
3.547625395354614852e+01
-6.229631564934157950e+01
3.227901212654251140e+01
-6.052863301958363706e+01
2.933681409246453242e+01
-5.906874148856881845e+01
2.659443616960984969e+01
-5.785701681935676532e+01
2.400870268090601201e+01
-5.685047059655796886e+01
2.154480317081434393e+01
-5.601749217597519248e+01
1.917377373037755461e+01
-5.533453429444430327e+01
1.687069892815900829e+01
-5.478395829211330437e+01
1.461336002740361195e+01
-5.435259718806395313e+01
1.238114185488560892e+01
-5.403076143048568269e+01
1.015397897962189511e+01
-5.381139354069092207e+01
7.908026932937918474e+00
-5.368799382601661563e+01
5.633471013800215310e+00
-5.367612709831676199e+01
3.297650288235118410e+00
-5.374890490323599579e+01
8.742146069593506041e-01
-5.392381612988984330e+01
-1.668390192347899870e+00
-5.420528941894096420e+01
-4.370971522508565243e+00
-5.460227892530269145e+01
-7.287044726373457237e+00
-5.512850743574753665e+01
-1.048977869016079723e+01
-5.580429285189430999e+01
-1.408402445725528906e+01
-5.665997873787960515e+01
-1.822840937093091895e+01
-5.774249018055118654e+01
-2.317929155622949366e+01
-5.912904150070971809e+01
-2.938775146397991733e+01
-6.095984764279329227e+01
-3.774607406717677094e+01
-6.353234498065344837e+01
-5.035762665550282691e+01
-6.766150434065072261e+01
-7.388688856532174043e+01
-7.693227204277738451e+01
-1.361398580403952678e+02
-1.432823059747963725e+02
-2.899492429970525365e+00
-1.844830370891784810e+02
9.827043167446122496e+00
-1.570544700715769579e+02
1.385375571251224613e+01
-1.539859562631446579e+02
2.226140158032525562e+01
-1.712671558747741472e+02
1.472803845955769191e+02
-1.850738108563899686e+02
9.785145102480265678e+01
-7.457512857198294398e+01
6.903205037604872985e+01
-6.223728473188578647e+01
5.321343154851297186e+01
-5.716532433264337243e+01
4.205725675535926200e+01
-5.412149880431423554e+01
3.302330325061863192e+01
-5.203124487186663316e+01
2.501765102716017708e+01
-5.052663927208791250e+01
1.738751912227253626e+01
-4.943538828961187903e+01
9.724837907314983099e+00
-4.868351271265766655e+01
1.563110788515997385e+00
-4.825647273884518995e+01
-7.664170815369537593e+00
-4.818867822411117174e+01
-1.893017690327024027e+01
-4.863734940748847180e+01
-3.443960308160124129e+01
-5.018394281089640430e+01
-6.180541245234361725e+01
-5.639601312362373164e+01
-8.723890233810999462e+01
-1.490642511032066295e+02
-2.717473364595700858e+01
-1.244645974254345901e+02
-2.699709848037975135e+01
-1.182974566528941835e+02
-2.994548782937108911e+01
-1.201518729603156288e+02
-3.385634510880660741e+01
-1.257720146137097288e+02
-3.836115344404558414e+01
-1.344959679833258406e+02
-4.328022405530430206e+01
-1.467096589229507231e+02
-4.833345610591430841e+01
-1.635025597979564509e+02
-5.292560328016404014e+01
-1.868319993495832136e+02
-5.587657238497037326e+01
-2.202130209804314234e+02
-5.503386764765949124e+01
-2.716085060381976177e+02
-4.182070561510828099e+01
-3.727231075103242119e+02
3.244331612731886025e+02
-5.207551719613754813e+02
4.090575274967261521e+02
-2.428369652620145871e+02
2.908778549556247981e+02
-8.734664149808094180e+01
2.243123341337276031e+02
-5.247769918403652412e+01
1.853946801410679086e+02
-4.122414212595366223e+01
1.599944005163695522e+02
-3.598894672824688712e+01
1.418088499167225791e+02
-3.307242328279896526e+01
1.279458184949318422e+02
-3.126817508462828243e+01
1.168897535339106781e+02
-3.007613736510813141e+01
1.077636821698675789e+02
-2.925519983444413441e+01
1.000208319129803840e+02
-2.867625640778369700e+01
9.329970479546780382e+01
-2.826465261037130716e+01
8.734942637776292429e+01
-2.797464706078055485e+01
8.198836918582749433e+01
-2.777696670715049621e+01
7.707977153212755184e+01
-2.765228757757562050e+01
7.251656464818324821e+01
-2.758762275380751561e+01
6.821140834394466879e+01
-2.757423734385209002e+01
6.408973972677554798e+01
-2.760641774599147880e+01
6.008453773562732181e+01
-2.768075310272453748e+01
5.613195386871812786e+01
-2.779575458599700610e+01
5.216715352417089946e+01
-2.795173421764465971e+01
4.811972617938109664e+01
-2.815093424071417161e+01
4.390784885650136715e+01
-2.839797137470655031e+01
3.942992604994942241e+01
-2.870077522759010336e+01
3.455140420198834761e+01
-2.907243241086653640e+01
2.908215945472675656e+01
-2.953489276918725537e+01
2.273434329341220561e+01
-3.012693388984399689e+01
1.503593790150128484e+01
-3.092311341614531983e+01
5.130710090959052394e+00
-3.208583745357022110e+01
-8.768978888669423100e+00
-3.404167531086756071e+01
-3.131312529845437354e+01
-3.831661739839123015e+01
-8.056869001472182390e+01
-5.526855145645399148e+01
-5.687720484389448217e+01
-2.623974087144556506e+02
5.233470169571019426e+01
-1.681238103231102912e+02
5.956225555939713701e+01
-1.374131816178150984e+02
6.085080236037025969e+01
-1.238468604781576232e+02
6.084357430663068556e+01
-1.168786186271132976e+02
6.043727478983526424e+01
-1.134359272303075272e+02
5.991034537292649276e+01
-1.123343984508174742e+02
5.939395004306533110e+01
-1.130888523975181101e+02
5.896287654766393160e+01
-1.155832081898197572e+02
5.869246124976704237e+01
-1.199788756803101819e+02
5.869386953420948316e+01
-1.267694236422267977e+02
5.918706946510981481e+01
-1.370179923555820949e+02
6.072665711329106841e+01
-1.530710668559748910e+02
6.525356974693352186e+01
-1.811184508831828452e+02
8.653594906220041594e+01
-2.455641084317284992e+02
2.990215126567268271e+02
-2.347775659777297790e+02
3.180426939883570867e+02
-7.969413018012548378e+01
2.325662358075892371e+02
-2.074601237499255646e+01
1.940138469196389224e+02
-1.085729658217507065e+01
1.713848304017525663e+02
-7.074145220673814904e+00
1.559488665699253147e+02
-5.134054931297283630e+00
1.444929801246973966e+02
-3.974773549032546871e+00
1.355192017719828073e+02
-3.212936413659137624e+00
1.282205377029162605e+02
-2.678527549762224069e+00
1.221176914153089399e+02
-2.285346939888739826e+00
1.169051940564166898e+02
-1.985342666519062993e+00
1.123776655895850780e+02
-1.749756177706552451e+00
1.083910946638378903e+02
-1.560396118275197086e+00
1.048410184966280951e+02
-1.405232708260614638e+00
1.016495135099451517e+02
-1.276015169441587993e+00
9.875707318281125424e+01
-1.166909236667119654e+00
9.611733849383728057e+01
-1.073681071032392964e+00
9.369356597324676272e+01
-9.931889625818519640e-01
9.145619331814566522e+01
-9.230559660070929429e-01
8.938112030658078311e+01
-8.614528648875603434e-01
8.744846875150699361e+01
-8.069505864198048828e-01
8.564167104190690338e+01
-7.584175717192771504e-01
8.394678890223190137e+01
-7.149469734680283795e-01
8.235199653159958189e+01
-6.758040838529986161e-01
8.084718312464860901e+01
-6.403877571588199036e-01
7.942364343484979372e+01
-6.082016873663046441e-01
7.807383417879668741e+01
-5.788327386310737621e-01
7.679118030784655957e+01
-5.519343980994599885e-01
7.556991949060821412e+01
-5.272139993994201523e-01
7.440497618906613297e+01
-5.044227563704226647e-01
7.329185888150200867e+01
-4.833479152569891690e-01
7.222657555565011478e+01
-4.638065208158137498e-01
7.120556374548263534e+01
-4.456404240458229360e-01
7.022563223667430066e+01
-4.287122538648266423e-01
6.928391220315307919e+01
-4.129021435375092031e-01
6.837781601877352955e+01
-3.981050527687548524e-01
6.750500235545101191e+01
-3.842285634184631204e-01
6.666334646157990562e+01
-3.711910544386666233e-01
6.585091473357402947e+01
-3.589201824508015393e-01
6.506594286444169484e+01
-3.473516101890553043e-01
6.430681698789879874e+01
-3.364279371358285253e-01
6.357205734310772982e+01
-3.260977960065182257e-01
6.286030407007945087e+01
-3.163150859880207166e-01
6.217030481388971452e+01
-3.070383193017487411e-01
6.150090387077460719e+01
-2.982300621204210245e-01
6.085103265370270265e+01
-2.898564543974937457e-01
6.021970129129017124e+01
-2.818867959778957877e-01
5.960599120364592096e+01
-2.742931886084204463e-01
5.900904852316301685e+01
-2.670502252760597051e-01
5.842807824847400866e+01
-2.601347197664838906e-01
5.786233903654524369e+01
-2.535254705243022988e-01
5.731113855184742789e+01
-2.472030538675223654e-01
5.677382930322092136e+01
-2.411496424045596609e-01
5.624980490885987905e+01
-2.353488451572711415e-01
5.573849673810216387e+01
-2.297855664350168525e-01
5.523937088569469722e+01
-2.244458809539282562e-01
5.475192544013448526e+01
-2.193169230697545879e-01
5.427568801272168741e+01
-2.143867883051708279e-01
5.381021349826993116e+01
-2.096444456146592805e-01
5.335508204209881455e+01
-2.050796590505157280e-01
5.290989719110096701e+01
-2.006829176797317316e-01
5.247428420939249349e+01
-1.964453727589285936e-01
5.204788854141248322e+01
-1.923587813083937892e-01
5.163037440736306394e+01
-1.884154553400301246e-01
5.122142351765150181e+01
-1.846082160913386505e-01
5.082073389452401102e+01
-1.809303527007081192e-01
5.042801879042125535e+01
-1.773755848307564942e-01
5.004300569374937879e+01
-1.739380288078775094e-01
4.966543541378475624e+01
-1.706121668991657792e-01
4.929506123732360834e+01
-1.673928193936667363e-01
4.893164815047815353e+01
-1.642751191946202893e-01
4.857497211971214313e+01
-1.612544886637969355e-01
4.822481942682203027e+01
-1.583266184890199102e-01
4.788098605310953104e+01
-1.554874483721032652e-01
4.754327710847067578e+01
-1.527331493572695320e-01
4.721150630155260330e+01
-1.500601076401267275e-01
4.688549544750391362e+01
-1.474649097147749943e-01
4.656507401018373571e+01
-1.449443287320702489e-01
4.625007867599131117e+01
-1.424953119555845971e-01
4.594035295674673591e+01
-1.401149692137869107e-01
4.563574681929308952e+01
-1.378005622575295130e-01
4.533611633970227928e+01
-1.355494949412442141e-01
4.504132338016115966e+01
-1.333593041545546865e-01
4.475123528678624751e+01
-1.312276514383544090e-01
4.446572460676909344e+01
-1.291523152259130280e-01
4.418466882339664892e+01
-1.271311836554129271e-01
4.390795010761396355e+01
-1.251622479054747827e-01
4.363545508491318969e+01
-1.232435960098849093e-01
4.336707461643351991e+01
-1.213734071118490188e-01
4.310270359324962897e+01
-1.195499461218066106e-01
4.284224074291306295e+01
-1.177715587461747038e-01
4.258558844738408311e+01
-1.160366668573461491e-01
4.233265257156316608e+01
-1.143437641779546238e-01
4.208334230169409551e+01
-1.126914122548349495e-01
4.183756999296714696e+01
-1.110782367002596110e-01
4.159525102570439969e+01
-1.095029236800054706e-01
4.135630366955686554e+01
-1.079642166295666228e-01
4.112064895518487617e+01
-1.064609131814166221e-01
4.088821055293661288e+01
-1.049918622876911400e-01
4.065891465807207084e+01
-1.035559615239474429e-01
4.043268988211629278e+01
-1.021521545608602699e-01
4.020946714995478288e+01
-1.007794287917901238e-01
3.998917960231196389e+01
-9.943681310513022287e-02
3.977176250328068363e+01
-9.812337579124599807e-02
3.955715315259233478e+01
-9.683822257461416338e-02
3.934529080234131015e+01
-9.558049476252383769e-02
3.913611657789566323e+01
-9.434936750237014891e-02
3.892957340274494271e+01
-9.314404814018004131e-02
3.872560592705427496e+01
-9.196377467359347080e-02
3.852416045970723246e+01
-9.080781429301190699e-02
3.832518490363672470e+01
-8.967546200511872234e-02
3.812862869425578083e+01
-8.856603933340215229e-02
3.793444274081151235e+01
-8.747889309069770136e-02
3.774257937049884504e+01
-8.641339421914651098e-02
3.755299227517981819e+01
-8.536893669329106982e-02
3.736563646056512766e+01
-8.434493648233887253e-02
3.718046819772234812e+01
-8.334083056790272948e-02
3.699744497678561572e+01
-8.235607601379718590e-02
3.681652546274801807e+01
-8.139014908470011689e-02
3.663766945322545610e+01
-8.044254441071223283e-02
3.646083783808850143e+01
-7.951277419505592414e-02
3.628599256086351943e+01
-7.860036746233273197e-02
3.611309658181251336e+01
-7.770486934495110520e-02
3.594211384260336928e+01
-7.682584040546822091e-02
3.577300923249126186e+01
-7.596285599277342870e-02
3.560574855593319654e+01
-7.511550563014676718e-02
3.544029850156449157e+01
-7.428339243337517273e-02
3.527662661246905884e+01
-7.346613255721831659e-02
3.511470125767949213e+01
-7.266335466862396120e-02
3.495449160484702844e+01
-7.187469944520563647e-02
3.479596759402387107e+01
-7.109981909757234764e-02
3.463909991250486797e+01
-7.033837691420719018e-02
3.448385997067725128e+01
-6.959004682765893013e-02
3.433021987883090276e+01
-6.885451300089477644e-02
3.417815242488382665e+01
-6.813146943273007405e-02
3.402763105297974278e+01
-6.742061958131748134e-02
3.387862984291768953e+01
-6.672167600474029903e-02
3.373112349037506164e+01
-6.603436001781104459e-02
3.358508728788770270e+01
-6.535840136422930990e-02
3.344049710655301055e+01
-6.469353790330593934e-02
3.329732937842325668e+01
-6.403951531050443291e-02
3.315556107955814724e+01
-6.339608679109259848e-02
3.301516971370757858e+01
-6.276301280624363432e-02
3.287613329659668437e+01
-6.214006081095928280e-02
3.273843034078680603e+01
-6.152700500322451360e-02
3.260203984108733266e+01
-6.092362608383729977e-02
3.246694126049472118e+01
-6.032971102638930855e-02
3.233311451663603009e+01
-5.974505285689836465e-02
3.220053996869547319e+01
-5.916945044262771763e-02
3.206919840480369999e+01
-5.860270828964628254e-02
3.193907102987017055e+01
-5.804463634871307592e-02
3.181013945384038522e+01
-5.749504982908870687e-02
3.168238568036038316e+01
-5.695376901990217150e-02
3.155579209583119393e+01
-5.642061911871271845e-02
3.143034145883829567e+01
-5.589543006693886706e-02
3.130601688994001819e+01
-5.537803639183030979e-02
3.118280186180075475e+01
-5.486827705468524941e-02
3.106068018965517297e+01
-5.436599530502593536e-02
3.093963602209022667e+01
-5.387103854046348950e-02
3.081965383213237430e+01
-5.338325817199325585e-02
3.070071840862805246e+01
-5.290250949447935364e-02
3.058281484790578375e+01
-5.242865156209461364e-02
3.046592854570953790e+01
-5.196154706850077132e-02
3.035004518939197737e+01
-5.150106223155481028e-02
3.023515075035852817e+01
-5.104706668234791633e-02
3.012123147675227131e+01
-5.059943335838798517e-02
3.000827388637049253e+01
-5.015803840074425923e-02
2.989626475980462672e+01
-4.972276105498811549e-02
2.978519113379448058e+01
-4.929348357576342904e-02
2.967504029478960703e+01
-4.887009113483671563e-02
2.956579977270969550e+01
-4.845247173247802658e-02
2.945745733489673057e+01
-4.804051611203359606e-02
2.935000098025202320e+01
-4.763411767755712511e-02
2.924341893355135369e+01
-4.723317241437351155e-02
2.913769963993183509e+01
-4.683757881245410870e-02
2.903283175954433659e+01
-4.644723779248791790e-02
2.892880416236537755e+01
-4.606205263453903853e-02
2.882560592316338699e+01
-4.568192890918765237e-02
2.872322631661318582e+01
-4.530677441105136760e-02
2.862165481255392407e+01
-4.493649909459404568e-02
2.852088107138540352e+01
-4.457101501213006634e-02
2.842089493959813851e+01
-4.421023625393881440e-02
2.832168644543214953e+01
-4.385407889040346396e-02
2.822324579466041428e+01
-4.350246091609733662e-02
2.812556336649270605e+01
-4.315530219574142262e-02
2.802862970959558453e+01
-4.281252441195989439e-02
2.793243553822474112e+01
-4.247405101476510458e-02
2.783697172846605739e+01
-4.213980717270685017e-02
2.774222931458132280e+01
-4.180971972561960126e-02
2.764819948545569517e+01
-4.148371713891020607e-02
2.755487358114321950e+01
-4.116172945932727867e-02
2.746224308950710835e+01
-4.084368827215481557e-02
2.737029964295216189e+01
-4.052952665978024061e-02
2.727903501524567886e+01
-4.021917916158308792e-02
2.718844111842455646e+01
-3.991258173509665969e-02
2.709850999978555208e+01
-3.960967171839663292e-02
2.700923383895608509e+01
-3.931038779367077712e-02
2.692060494504312373e+01
-3.901466995192759413e-02
2.683261575385747477e+01
-3.872245945880180285e-02
2.674525882521128750e+01
-3.843369882141854654e-02
2.665852684028649833e+01
-3.814833175627736772e-02
2.657241259907186048e+01
-3.786630315812023612e-02
2.648690901786653029e+01
-3.758755906974847738e-02
2.640200912684814938e+01
-3.731204665275525412e-02
2.631770606770344045e+01
-3.703971415914172199e-02
2.623399309131944079e+01
-3.677051090378565673e-02
2.615086355553344788e+01
-3.650438723773329064e-02
2.606831092293999319e+01
-3.624129452228547210e-02
2.598632875875306070e+01
-3.598118510385137081e-02
2.590491072872199396e+01
-3.572401228954309726e-02
2.582405059709929773e+01
-3.546973032348584021e-02
2.574374222465917939e+01
-3.521829436382035994e-02
2.566397956676478742e+01
-3.496966046037257997e-02
2.558475667148321264e+01
-3.472378553296961989e-02
2.550606767774658223e+01
-3.448062735037973198e-02
2.542790681355804239e+01
-3.424014450985596314e-02
2.535026839424120837e+01
-3.400229641726269098e-02
2.527314682073195584e+01
-3.376704326776702736e-02
2.519653657791115364e+01
-3.353434602707495993e-02
2.512043223297756001e+01
-3.330416641319677851e-02
2.504482843385911650e+01
-3.307646687872153185e-02
2.496971990766225957e+01
-3.285121059358706713e-02
2.489510145915762962e+01
-3.262836142832767350e-02
2.482096796930138893e+01
-3.240788393778448045e-02
2.474731439379125675e+01
-3.218974334526464309e-02
2.467413576165590072e+01
-3.197390552713332695e-02
2.460142717387746103e+01
-3.176033699782757763e-02
2.452918380204540938e+01
-3.154900489527522750e-02
2.445740088704169324e+01
-3.133987696670925693e-02
2.438607373775569442e+01
-3.113292155486319102e-02
2.431519772982872851e+01
-3.092810758453722053e-02
2.424476830442687714e+01
-3.072540454952253988e-02
2.417478096704143553e+01
-3.052478249987258113e-02
2.410523128631653123e+01
-3.032621202951189462e-02
2.403611489290288006e+01
-3.012966426417110904e-02
2.396742747833715725e+01
-2.993511084963858954e-02
2.389916479394613447e+01
-2.974252394031887126e-02
2.383132264977519199e+01
-2.955187618808900740e-02
2.376389691354028599e+01
-2.936314073144358910e-02
2.369688350960297996e+01
-2.917629118491986764e-02
2.363027841796778716e+01
-2.899130162879472172e-02
2.356407767330138725e+01
-2.880814659904527841e-02
2.349827736397295652e+01
-2.862680107756528786e-02
2.343287363111527810e+01
-2.844724048263014282e-02
2.336786266770599241e+01
-2.826944065960276808e-02
2.330324071766848348e+01
-2.809337787187370095e-02
2.323900407499193577e+01
-2.791902879202836502e-02
2.317514908287000708e+01
-2.774637049323497306e-02
2.311167213285771282e+01
-2.757538044084668211e-02
2.304856966404607732e+01
-2.740603648421200550e-02
2.298583816225404064e+01
-2.723831684868719544e-02
2.292347415923732257e+01
-2.707220012784566920e-02
2.286147423191353312e+01
-2.690766527587708234e-02
2.279983500160355092e+01
-2.674469160017296787e-02
2.273855313328844119e+01
-2.658325875409224548e-02
2.267762533488159704e+01
-2.642334672990143477e-02
2.261704835651590173e+01
-2.626493585188600585e-02
2.255681898984532552e+01
-2.610800676962633099e-02
2.249693406736066237e+01
-2.595254045143513197e-02
2.243739046171923235e+01
-2.579851817795122959e-02
2.237818508508807014e+01
-2.564592153588570594e-02
2.231931488850016976e+01
-2.549473241191560838e-02
2.226077686122368959e+01
-2.534493298672177430e-02
2.220256803014382285e+01
-2.519650572916731085e-02
2.214468545915669395e+01
-2.504943339061106722e-02
2.208712624857550821e+01
-2.490369899935501036e-02
2.202988753454815196e+01
-2.475928585521952607e-02
