-2.000000000000000000e+00
1.000000000000000021e-03
-1.995995995995996086e+00
1.000000000000000021e-03
-1.991991991991991950e+00
1.000000000000000021e-03
-1.987987987987988037e+00
1.000000000000000021e-03
-1.983983983983983901e+00
1.000000000000000021e-03
-1.979979979979979987e+00
1.000000000000000021e-03
-1.975975975975976073e+00
1.000000000000000021e-03
-1.971971971971971938e+00
1.000000000000000021e-03
-1.967967967967968024e+00
1.000000000000000021e-03
-1.963963963963963888e+00
1.000000000000000021e-03
-1.959959959959959974e+00
1.000000000000000021e-03
-1.955955955955956060e+00
1.000000000000000021e-03
-1.951951951951951925e+00
1.000000000000000021e-03
-1.947947947947948011e+00
1.000000000000000021e-03
-1.943943943943943875e+00
1.000000000000000021e-03
-1.939939939939939961e+00
1.000000000000000021e-03
-1.935935935935936048e+00
1.000000000000000021e-03
-1.931931931931931912e+00
1.000000000000000021e-03
-1.927927927927927998e+00
1.000000000000000021e-03
-1.923923923923923862e+00
1.000000000000000021e-03
-1.919919919919919948e+00
1.000000000000000021e-03
-1.915915915915916035e+00
1.000000000000000021e-03
-1.911911911911911899e+00
1.000000000000000021e-03
-1.907907907907907985e+00
1.000000000000000021e-03
-1.903903903903903849e+00
1.000000000000000021e-03
-1.899899899899899935e+00
1.000000000000000021e-03
-1.895895895895895800e+00
1.000000000000000021e-03
-1.891891891891891886e+00
1.000000000000000021e-03
-1.887887887887887972e+00
1.000000000000000021e-03
-1.883883883883883836e+00
1.000000000000000021e-03
-1.879879879879879923e+00
1.000000000000000021e-03
-1.875875875875875787e+00
1.000000000000000021e-03
-1.871871871871871873e+00
1.000000000000000021e-03
-1.867867867867867959e+00
1.000000000000000021e-03
-1.863863863863863823e+00
1.000000000000000021e-03
-1.859859859859859910e+00
1.000000000000000021e-03
-1.855855855855855774e+00
1.000000000000000021e-03
-1.851851851851851860e+00
1.000000000000000021e-03
-1.847847847847847724e+00
1.000000000000000021e-03
-1.843843843843843811e+00
1.000000000000000021e-03
-1.839839839839839897e+00
1.000000000000000021e-03
-1.835835835835835761e+00
1.000000000000000021e-03
-1.831831831831831847e+00
1.000000000000000021e-03
-1.827827827827827711e+00
1.000000000000000021e-03
-1.823823823823823798e+00
1.000000000000000021e-03
-1.819819819819819884e+00
1.000000000000000021e-03
-1.815815815815815748e+00
1.000000000000000021e-03
-1.811811811811811834e+00
1.000000000000000021e-03
-1.807807807807807698e+00
1.000000000000000021e-03
-1.803803803803803785e+00
1.000000000000000021e-03
-1.799799799799799871e+00
1.000000000000000021e-03
-1.795795795795795735e+00
1.000000000000000021e-03
-1.791791791791791821e+00
1.000000000000000021e-03
-1.787787787787787686e+00
1.000000000000000021e-03
-1.783783783783783772e+00
1.000000000000000021e-03
-1.779779779779779858e+00
1.000000000000000021e-03
-1.775775775775775722e+00
1.000000000000000021e-03
-1.771771771771771808e+00
1.000000000000000021e-03
-1.767767767767767673e+00
1.000000000000000021e-03
-1.763763763763763759e+00
1.000000000000000021e-03
-1.759759759759759845e+00
1.000000000000000021e-03
-1.755755755755755709e+00
1.000000000000000021e-03
-1.751751751751751796e+00
1.000000000000000021e-03
-1.747747747747747660e+00
1.000000000000000021e-03
-1.743743743743743746e+00
1.000000000000000021e-03
-1.739739739739739832e+00
1.000000000000000021e-03
-1.735735735735735696e+00
1.000000000000000021e-03
-1.731731731731731783e+00
1.000000000000000021e-03
-1.727727727727727647e+00
1.000000000000000021e-03
-1.723723723723723733e+00
1.000000000000000021e-03
-1.719719719719719819e+00
1.000000000000000021e-03
-1.715715715715715683e+00
1.000000000000000021e-03
-1.711711711711711770e+00
1.000000000000000021e-03
-1.707707707707707634e+00
1.000000000000000021e-03
-1.703703703703703720e+00
1.000000000000000021e-03
-1.699699699699699806e+00
1.000000000000000021e-03
-1.695695695695695671e+00
1.000000000000000021e-03
-1.691691691691691757e+00
1.000000000000000021e-03
-1.687687687687687621e+00
1.000000000000000021e-03
-1.683683683683683707e+00
1.000000000000000021e-03
-1.679679679679679793e+00
1.000000000000000021e-03
-1.675675675675675658e+00
1.000000000000000021e-03
-1.671671671671671744e+00
1.000000000000000021e-03
-1.667667667667667608e+00
1.000000000000000021e-03
-1.663663663663663694e+00
1.000000000000000021e-03
-1.659659659659659781e+00
1.000000000000000021e-03
-1.655655655655655645e+00
1.000000000000000021e-03
-1.651651651651651731e+00
1.000000000000000021e-03
-1.647647647647647595e+00
1.000000000000000021e-03
-1.643643643643643681e+00
1.000000000000000021e-03
-1.639639639639639768e+00
1.000000000000000021e-03
-1.635635635635635632e+00
1.000000000000000021e-03
-1.631631631631631496e+00
1.000000000000000021e-03
-1.627627627627627582e+00
1.000000000000000021e-03
-1.623623623623623669e+00
1.000000000000000021e-03
-1.619619619619619755e+00
1.000000000000000021e-03
-1.615615615615615619e+00
1.000000000000000021e-03
-1.611611611611611483e+00
1.000000000000000021e-03
-1.607607607607607569e+00
1.000000000000000021e-03
-1.603603603603603656e+00
1.000000000000000021e-03
-1.599599599599599742e+00
1.000000000000000021e-03
-1.595595595595595606e+00
1.000000000000000021e-03
-1.591591591591591470e+00
1.000000000000000021e-03
-1.587587587587587556e+00
1.000000000000000021e-03
-1.583583583583583643e+00
1.000000000000000021e-03
-1.579579579579579507e+00
1.000000000000000021e-03
-1.575575575575575593e+00
1.000000000000000021e-03
-1.571571571571571457e+00
1.000000000000000021e-03
-1.567567567567567544e+00
1.000000000000000021e-03
-1.563563563563563630e+00
1.000000000000000021e-03
-1.559559559559559494e+00
1.000000000000000021e-03
-1.555555555555555580e+00
1.000000000000000021e-03
-1.551551551551551444e+00
1.000000000000000021e-03
-1.547547547547547531e+00
1.000000000000000021e-03
-1.543543543543543617e+00
1.000000000000000021e-03
-1.539539539539539481e+00
1.000000000000000021e-03
-1.535535535535535567e+00
1.000000000000000021e-03
-1.531531531531531432e+00
1.000000000000000021e-03
-1.527527527527527518e+00
1.000000000000000021e-03
-1.523523523523523604e+00
1.000000000000000021e-03
-1.519519519519519468e+00
1.000000000000000021e-03
-1.515515515515515554e+00
1.000000000000000021e-03
-1.511511511511511419e+00
1.000000000000000021e-03
-1.507507507507507505e+00
1.000000000000000021e-03
-1.503503503503503591e+00
1.000000000000000021e-03
-1.499499499499499455e+00
1.000000000000000021e-03
-1.495495495495495542e+00
1.000000000000000021e-03
-1.491491491491491406e+00
1.000000000000000021e-03
-1.487487487487487492e+00
1.000000000000000021e-03
-1.483483483483483578e+00
1.000000000000000021e-03
-1.479479479479479442e+00
1.000000000000000021e-03
-1.475475475475475529e+00
1.000000000000000021e-03
-1.471471471471471393e+00
1.000000000000000021e-03
-1.467467467467467479e+00
1.000000000000000021e-03
-1.463463463463463565e+00
1.000000000000000021e-03
-1.459459459459459429e+00
1.000000000000000021e-03
-1.455455455455455516e+00
1.000000000000000021e-03
-1.451451451451451380e+00
1.000000000000000021e-03
-1.447447447447447466e+00
1.000000000000000021e-03
-1.443443443443443552e+00
1.000000000000000021e-03
-1.439439439439439417e+00
1.000000000000000021e-03
-1.435435435435435281e+00
1.000000000000000021e-03
-1.431431431431431367e+00
1.000000000000000021e-03
-1.427427427427427453e+00
1.000000000000000021e-03
-1.423423423423423539e+00
1.000000000000000021e-03
-1.419419419419419404e+00
1.000000000000000021e-03
-1.415415415415415268e+00
1.000000000000000021e-03
-1.411411411411411354e+00
1.000000000000000021e-03
-1.407407407407407440e+00
1.000000000000000021e-03
-1.403403403403403527e+00
1.000000000000000021e-03
-1.399399399399399391e+00
1.000000000000000021e-03
-1.395395395395395255e+00
1.000000000000000021e-03
-1.391391391391391341e+00
1.000000000000000021e-03
-1.387387387387387427e+00
1.000000000000000021e-03
-1.383383383383383514e+00
1.000000000000000021e-03
-1.379379379379379378e+00
1.000000000000000021e-03
-1.375375375375375242e+00
1.000000000000000021e-03
-1.371371371371371328e+00
1.000000000000000021e-03
-1.367367367367367414e+00
1.000000000000000021e-03
-1.363363363363363501e+00
1.000000000000000021e-03
-1.359359359359359365e+00
1.000000000000000021e-03
-1.355355355355355229e+00
1.000000000000000021e-03
-1.351351351351351315e+00
1.000000000000000021e-03
-1.347347347347347402e+00
1.000000000000000021e-03
-1.343343343343343488e+00
1.000000000000000021e-03
-1.339339339339339352e+00
1.000000000000000021e-03
-1.335335335335335216e+00
1.000000000000000021e-03
-1.331331331331331302e+00
1.000000000000000021e-03
-1.327327327327327389e+00
1.000000000000000021e-03
-1.323323323323323475e+00
1.000000000000000021e-03
-1.319319319319319339e+00
1.000000000000000021e-03
-1.315315315315315203e+00
1.000000000000000021e-03
-1.311311311311311290e+00
1.000000000000000021e-03
-1.307307307307307376e+00
1.000000000000000021e-03
-1.303303303303303462e+00
1.000000000000000021e-03
-1.299299299299299326e+00
1.000000000000000021e-03
-1.295295295295295190e+00
1.000000000000000021e-03
-1.291291291291291277e+00
1.000000000000000021e-03
-1.287287287287287363e+00
1.000000000000000021e-03
-1.283283283283283449e+00
1.000000000000000021e-03
-1.279279279279279313e+00
1.000000000000000021e-03
-1.275275275275275177e+00
1.000000000000000021e-03
-1.271271271271271264e+00
1.000000000000000021e-03
-1.267267267267267350e+00
1.000000000000000021e-03
-1.263263263263263214e+00
1.000000000000000021e-03
-1.259259259259259300e+00
1.000000000000000021e-03
-1.255255255255255165e+00
1.000000000000000021e-03
-1.251251251251251251e+00
1.000000000000000021e-03
-1.247247247247247337e+00
1.000000000000000021e-03
-1.243243243243243201e+00
1.000000000000000021e-03
-1.239239239239239287e+00
1.000000000000000021e-03
-1.235235235235235152e+00
1.000000000000000021e-03
-1.231231231231231238e+00
1.000000000000000021e-03
-1.227227227227227324e+00
1.000000000000000021e-03
-1.223223223223223188e+00
1.000000000000000021e-03
-1.219219219219219275e+00
1.000000000000000021e-03
-1.215215215215215139e+00
1.000000000000000021e-03
-1.211211211211211225e+00
1.000000000000000021e-03
-1.207207207207207311e+00
1.000000000000000021e-03
-1.203203203203203175e+00
1.000000000000000021e-03
-1.199199199199199262e+00
1.000000000000000021e-03
-1.195195195195195126e+00
1.000000000000000021e-03
-1.191191191191191212e+00
1.000000000000000021e-03
-1.187187187187187298e+00
1.000000000000000021e-03
-1.183183183183183163e+00
1.000000000000000021e-03
-1.179179179179179027e+00
1.000000000000000021e-03
-1.175175175175175113e+00
1.000000000000000021e-03
-1.171171171171171199e+00
1.000000000000000021e-03
-1.167167167167167285e+00
1.000000000000000021e-03
-1.163163163163163150e+00
1.000000000000000021e-03
-1.159159159159159014e+00
1.000000000000000021e-03
-1.155155155155155100e+00
1.000000000000000021e-03
-1.151151151151151186e+00
1.000000000000000021e-03
-1.147147147147147273e+00
1.000000000000000021e-03
-1.143143143143143137e+00
1.000000000000000021e-03
-1.139139139139139001e+00
1.000000000000000021e-03
-1.135135135135135087e+00
1.000000000000000021e-03
-1.131131131131131173e+00
1.000000000000000021e-03
-1.127127127127127260e+00
1.000000000000000021e-03
-1.123123123123123124e+00
1.000000000000000021e-03
-1.119119119119118988e+00
1.000000000000000021e-03
-1.115115115115115074e+00
1.000000000000000021e-03
-1.111111111111111160e+00
1.000000000000000021e-03
-1.107107107107107247e+00
1.000000000000000021e-03
-1.103103103103103111e+00
1.000000000000000021e-03
-1.099099099099098975e+00
1.000000000000000021e-03
-1.095095095095095061e+00
1.000000000000000021e-03
-1.091091091091091148e+00
1.000000000000000021e-03
-1.087087087087087234e+00
1.000000000000000021e-03
-1.083083083083083098e+00
1.000000000000000021e-03
-1.079079079079078962e+00
1.000000000000000021e-03
-1.075075075075075048e+00
1.000000000000000021e-03
-1.071071071071071135e+00
1.000000000000000021e-03
-1.067067067067067221e+00
1.000000000000000021e-03
-1.063063063063063085e+00
1.000000000000000021e-03
-1.059059059059058949e+00
1.000000000000000021e-03
-1.055055055055055035e+00
1.000000000000000021e-03
-1.051051051051051122e+00
1.000000000000000021e-03
-1.047047047047047208e+00
1.000000000000000021e-03
-1.043043043043043072e+00
1.000000000000000021e-03
-1.039039039039038936e+00
1.000000000000000021e-03
-1.035035035035035023e+00
1.000000000000000021e-03
-1.031031031031031109e+00
1.000000000000000021e-03
-1.027027027027027195e+00
1.000000000000000021e-03
-1.023023023023023059e+00
1.000000000000000021e-03
-1.019019019019018923e+00
1.000000000000000021e-03
-1.015015015015015010e+00
1.000000000000000021e-03
-1.011011011011011096e+00
1.000000000000000021e-03
-1.007007007007006960e+00
1.000000000000000021e-03
-1.003003003003003046e+00
1.000000000000000021e-03
-9.989989989989989105e-01
1.000000000000000021e-03
-9.949949949949949968e-01
1.000000000000000021e-03
-9.909909909909910830e-01
1.000000000000000021e-03
-9.869869869869869472e-01
1.000000000000000021e-03
-9.829829829829830334e-01
1.000000000000000021e-03
-9.789789789789788976e-01
1.000000000000000021e-03
-9.749749749749749839e-01
1.000000000000000021e-03
-9.709709709709710701e-01
1.000000000000000021e-03
-9.669669669669669343e-01
1.000000000000000021e-03
-9.629629629629630205e-01
1.000000000000000021e-03
-9.589589589589588847e-01
1.000000000000000021e-03
-9.549549549549549710e-01
1.000000000000000021e-03
-9.509509509509510572e-01
1.000000000000000021e-03
-9.469469469469469214e-01
1.000000000000000021e-03
-9.429429429429430076e-01
1.000000000000000021e-03
-9.389389389389388718e-01
1.000000000000000021e-03
-9.349349349349349581e-01
1.000000000000000021e-03
-9.309309309309310443e-01
1.000000000000000021e-03
-9.269269269269269085e-01
1.000000000000000021e-03
-9.229229229229229947e-01
1.000000000000000021e-03
-9.189189189189188589e-01
1.000000000000000021e-03
-9.149149149149149451e-01
1.000000000000000021e-03
-9.109109109109110314e-01
1.000000000000000021e-03
-9.069069069069068956e-01
1.000000000000000021e-03
-9.029029029029029818e-01
1.000000000000000021e-03
-8.988988988988988460e-01
1.000000000000000021e-03
-8.948948948948949322e-01
1.000000000000000021e-03
-8.908908908908907964e-01
1.000000000000000021e-03
-8.868868868868868827e-01
1.000000000000000021e-03
-8.828828828828829689e-01
1.000000000000000021e-03
-8.788788788788788331e-01
1.000000000000000021e-03
-8.748748748748749193e-01
1.000000000000000021e-03
-8.708708708708707835e-01
1.000000000000000021e-03
-8.668668668668668698e-01
1.000000000000000021e-03
-8.628628628628629560e-01
1.000000000000000021e-03
-8.588588588588588202e-01
1.000000000000000021e-03
-8.548548548548549064e-01
1.000000000000000021e-03
-8.508508508508507706e-01
1.000000000000000021e-03
-8.468468468468468568e-01
1.000000000000000021e-03
-8.428428428428429431e-01
1.000000000000000021e-03
-8.388388388388388073e-01
1.000000000000000021e-03
-8.348348348348348935e-01
1.000000000000000021e-03
-8.308308308308307577e-01
1.000000000000000021e-03
-8.268268268268268439e-01
1.000000000000000021e-03
-8.228228228228229302e-01
1.000000000000000021e-03
-8.188188188188187944e-01
1.000000000000000021e-03
-8.148148148148148806e-01
1.000000000000000021e-03
-8.108108108108107448e-01
1.000000000000000021e-03
-8.068068068068068310e-01
1.000000000000000021e-03
-8.028028028028029173e-01
1.000000000000000021e-03
-7.987987987987987815e-01
1.000000000000000021e-03
-7.947947947947948677e-01
1.000000000000000021e-03
-7.907907907907907319e-01
1.000000000000000021e-03
-7.867867867867868181e-01
1.000000000000000021e-03
-7.827827827827826823e-01
1.000000000000000021e-03
-7.787787787787787686e-01
1.000000000000000021e-03
-7.747747747747748548e-01
1.000000000000000021e-03
-7.707707707707707190e-01
1.000000000000000021e-03
-7.667667667667668052e-01
1.000000000000000021e-03
-7.627627627627626694e-01
1.000000000000000021e-03
-7.587587587587587556e-01
1.000000000000000021e-03
-7.547547547547548419e-01
1.000000000000000021e-03
-7.507507507507507061e-01
1.000000000000000021e-03
-7.467467467467467923e-01
1.000000000000000021e-03
-7.427427427427426565e-01
1.000000000000000021e-03
-7.387387387387387427e-01
1.000000000000000021e-03
-7.347347347347348290e-01
1.000000000000000021e-03
-7.307307307307306932e-01
1.000000000000000021e-03
-7.267267267267267794e-01
1.000000000000000021e-03
-7.227227227227226436e-01
1.000000000000000021e-03
-7.187187187187187298e-01
1.000000000000000021e-03
-7.147147147147148161e-01
1.000000000000000021e-03
-7.107107107107106803e-01
1.000000000000000021e-03
-7.067067067067067665e-01
1.000000000000000021e-03
-7.027027027027026307e-01
1.000000000000000021e-03
-6.986986986986987169e-01
1.000000000000000021e-03
-6.946946946946948032e-01
1.000000000000000021e-03
-6.906906906906906674e-01
1.000000000000000021e-03
-6.866866866866867536e-01
1.000000000000000021e-03
-6.826826826826826178e-01
1.000000000000000021e-03
-6.786786786786787040e-01
1.000000000000000021e-03
-6.746746746746747903e-01
1.000000000000000021e-03
-6.706706706706706544e-01
1.000000000000000021e-03
-6.666666666666667407e-01
1.000000000000000021e-03
-6.626626626626626049e-01
1.000000000000000021e-03
-6.586586586586586911e-01
1.000000000000000021e-03
-6.546546546546547773e-01
1.000000000000000021e-03
-6.506506506506506415e-01
1.000000000000000021e-03
-6.466466466466467278e-01
1.000000000000000021e-03
-6.426426426426425920e-01
1.000000000000000021e-03
-6.386386386386386782e-01
1.000000000000000021e-03
-6.346346346346345424e-01
1.000000000000000021e-03
-6.306306306306306286e-01
1.000000000000000021e-03
-6.266266266266267149e-01
1.000000000000000021e-03
-6.226226226226225791e-01
1.000000000000000021e-03
-6.186186186186186653e-01
1.000000000000000021e-03
-6.146146146146145295e-01
1.000000000000000021e-03
-6.106106106106106157e-01
1.000000000000000021e-03
-6.066066066066067020e-01
1.000000000000000021e-03
-6.026026026026025662e-01
1.000000000000000021e-03
-5.985985985985986524e-01
1.000000000000000021e-03
-5.945945945945945166e-01
1.000000000000000021e-03
-5.905905905905906028e-01
1.000000000000000021e-03
-5.865865865865866891e-01
1.000000000000000021e-03
-5.825825825825825532e-01
1.000000000000000021e-03
-5.785785785785786395e-01
1.000000000000000021e-03
-5.745745745745745037e-01
1.000000000000000021e-03
-5.705705705705705899e-01
1.000000000000000021e-03
-5.665665665665666761e-01
1.000000000000000021e-03
-5.625625625625625403e-01
1.000000000000000021e-03
-5.585585585585586266e-01
1.000000000000000021e-03
-5.545545545545544908e-01
1.000000000000000021e-03
-5.505505505505505770e-01
1.000000000000000021e-03
-5.465465465465466632e-01
1.000000000000000021e-03
-5.425425425425425274e-01
1.000000000000000021e-03
-5.385385385385386137e-01
1.000000000000000021e-03
-5.345345345345344779e-01
1.000000000000000021e-03
-5.305305305305305641e-01
1.000000000000000021e-03
-5.265265265265264283e-01
1.000000000000000021e-03
-5.225225225225225145e-01
1.000000000000000021e-03
-5.185185185185186008e-01
1.000000000000000021e-03
-5.145145145145144649e-01
1.000000000000000021e-03
-5.105105105105105512e-01
1.000000000000000021e-03
-5.065065065065064154e-01
1.000000000000000021e-03
-5.025025025025025016e-01
1.000000000000000021e-03
-4.984984984984985878e-01
1.000000000000000021e-03
-4.944944944944944520e-01
1.000000000000000021e-03
-4.904904904904905383e-01
1.000000000000000021e-03
-4.864864864864864025e-01
1.000000000000000021e-03
-4.824824824824824887e-01
1.000000000000000021e-03
-4.784784784784785749e-01
1.000000000000000021e-03
-4.744744744744744391e-01
1.000000000000000021e-03
-4.704704704704705254e-01
1.000000000000000021e-03
-4.664664664664663896e-01
1.000000000000000021e-03
-4.624624624624624758e-01
1.000000000000000021e-03
-4.584584584584585620e-01
1.000000000000000021e-03
-4.544544544544544262e-01
1.000000000000000021e-03
-4.504504504504505125e-01
1.000000000000000021e-03
-4.464464464464463767e-01
1.000000000000000021e-03
-4.424424424424424629e-01
1.000000000000000021e-03
-4.384384384384385491e-01
1.000000000000000021e-03
-4.344344344344344133e-01
1.000000000000000021e-03
-4.304304304304304996e-01
1.000000000000000021e-03
-4.264264264264263637e-01
1.000000000000000021e-03
-4.224224224224224500e-01
1.000000000000000021e-03
-4.184184184184185362e-01
1.000000000000000021e-03
-4.144144144144144004e-01
1.000000000000000021e-03
-4.104104104104104866e-01
1.000000000000000021e-03
-4.064064064064063508e-01
1.000000000000000021e-03
-4.024024024024024371e-01
1.000000000000000021e-03
-3.983983983983985233e-01
1.000000000000000021e-03
-3.943943943943943875e-01
1.000000000000000021e-03
-3.903903903903904737e-01
1.000000000000000021e-03
-3.863863863863863379e-01
1.000000000000000021e-03
-3.823823823823824242e-01
1.000000000000000021e-03
-3.783783783783782884e-01
1.000000000000000021e-03
-3.743743743743743746e-01
1.000000000000000021e-03
-3.703703703703704608e-01
1.000000000000000021e-03
-3.663663663663663250e-01
1.000000000000000021e-03
-3.623623623623624113e-01
1.000000000000000021e-03
-3.583583583583582755e-01
1.000000000000000021e-03
-3.543543543543543617e-01
1.000000000000000021e-03
-3.503503503503504479e-01
1.000000000000000021e-03
-3.463463463463463121e-01
1.000000000000000021e-03
-3.423423423423423984e-01
1.000000000000000021e-03
-3.383383383383382625e-01
1.000000000000000021e-03
-3.343343343343343488e-01
1.000000000000000021e-03
-3.303303303303304350e-01
1.000000000000000021e-03
-3.263263263263262992e-01
1.000000000000000021e-03
-3.223223223223223854e-01
1.000000000000000021e-03
-3.183183183183182496e-01
1.000000000000000021e-03
-3.143143143143143359e-01
1.000000000000000021e-03
-3.103103103103104221e-01
1.000000000000000021e-03
-3.063063063063062863e-01
1.000000000000000021e-03
-3.023023023023023725e-01
1.000000000000000021e-03
-2.982982982982982367e-01
1.000000000000000021e-03
-2.942942942942943230e-01
1.000000000000000021e-03
-2.902902902902904092e-01
1.000000000000000021e-03
-2.862862862862862734e-01
1.000000000000000021e-03
-2.822822822822823596e-01
1.000000000000000021e-03
-2.782782782782782238e-01
1.000000000000000021e-03
-2.742742742742743101e-01
1.000000000000000021e-03
-2.702702702702701743e-01
1.000000000000000021e-03
-2.662662662662662605e-01
1.000000000000000021e-03
-2.622622622622623467e-01
1.000000000000000021e-03
-2.582582582582582109e-01
1.000000000000000021e-03
-2.542542542542542972e-01
1.000000000000000021e-03
-2.502502502502501613e-01
1.000000000000000021e-03
-2.462462462462462476e-01
1.000000000000000021e-03
-2.422422422422423338e-01
1.000000000000000021e-03
-2.382382382382381980e-01
1.000000000000000021e-03
-2.342342342342342842e-01
1.000000000000000021e-03
-2.302302302302301484e-01
1.000000000000000021e-03
-2.262262262262262347e-01
1.000000000000000021e-03
-2.222222222222223209e-01
1.000000000000000021e-03
-2.182182182182181851e-01
1.000000000000000021e-03
-2.142142142142142713e-01
1.000000000000000021e-03
-2.102102102102101355e-01
1.000000000000000021e-03
-2.062062062062062218e-01
1.000000000000000021e-03
-2.022022022022023080e-01
1.000000000000000021e-03
-1.981981981981981722e-01
1.000000000000000021e-03
-1.941941941941942584e-01
1.000000000000000021e-03
-1.901901901901901226e-01
1.000000000000000021e-03
-1.861861861861862089e-01
1.000000000000000021e-03
-1.821821821821822951e-01
1.000000000000000021e-03
-1.781781781781781593e-01
1.000000000000000021e-03
-1.741741741741742455e-01
1.000000000000000021e-03
-1.701701701701701097e-01
1.000000000000000021e-03
-1.661661661661661959e-01
1.000000000000000021e-03
-1.621621621621622822e-01
1.000000000000000021e-03
-1.581581581581581464e-01
1.000000000000000021e-03
-1.541541541541542326e-01
1.000000000000000021e-03
-1.501501501501500968e-01
1.000000000000000021e-03
-1.461461461461461830e-01
1.000000000000000021e-03
-1.421421421421422693e-01
1.000000000000000021e-03
-1.381381381381381335e-01
1.000000000000000021e-03
-1.341341341341342197e-01
1.000000000000000021e-03
-1.301301301301300839e-01
1.000000000000000021e-03
-1.261261261261261701e-01
1.000000000000000021e-03
-1.221221221221220343e-01
1.000000000000000021e-03
-1.181181181181181206e-01
1.000000000000000021e-03
-1.141141141141142068e-01
1.000000000000000021e-03
-1.101101101101100710e-01
1.000000000000000021e-03
-1.061061061061061572e-01
1.000000000000000021e-03
-1.021021021021020214e-01
1.000000000000000021e-03
-9.809809809809810766e-02
1.000000000000000021e-03
-9.409409409409419389e-02
1.000000000000000021e-03
-9.009009009009005808e-02
1.000000000000000021e-03
-8.608608608608614432e-02
1.000000000000000021e-03
-8.208208208208200851e-02
1.000000000000000021e-03
-7.807807807807809475e-02
1.000000000000000021e-03
-7.407407407407418098e-02
1.000000000000000021e-03
-7.007007007007004518e-02
1.000000000000000021e-03
-6.606606606606613141e-02
1.000000000000000021e-03
-6.206206206206199560e-02
1.000000000000000021e-03
-5.805805805805808184e-02
1.000000000000000021e-03
-5.405405405405416808e-02
1.000000000000000021e-03
-5.005005005005003227e-02
1.000000000000000021e-03
-4.604604604604611851e-02
1.000000000000000021e-03
-4.204204204204198270e-02
1.000000000000000021e-03
-3.803803803803806893e-02
1.000000000000000021e-03
-3.403403403403415517e-02
1.000000000000000021e-03
-3.003003003003001936e-02
1.000000000000000021e-03
-2.602602602602610560e-02
1.000000000000000021e-03
-2.202202202202196979e-02
1.000000000000000021e-03
-1.801801801801805603e-02
1.000000000000000021e-03
-1.401401401401392022e-02
1.000000000000000021e-03
-1.001001001001000645e-02
1.000000000000000021e-03
-6.006006006006092690e-03
1.000000000000000021e-03
-2.002002002001956882e-03
1.000000000000000021e-03
2.002002002002178926e-03
1.000000000000000021e-03
6.006006006006092690e-03
1.000000000000000021e-03
1.001001001001000645e-02
1.000000000000000021e-03
1.401401401401392022e-02
1.000000000000000021e-03
1.801801801801783398e-02
1.000000000000000021e-03
2.202202202202219183e-02
1.000000000000000021e-03
2.602602602602610560e-02
1.000000000000000021e-03
3.003003003003001936e-02
1.000000000000000021e-03
3.403403403403393312e-02
1.000000000000000021e-03
3.803803803803784689e-02
1.000000000000000021e-03
4.204204204204220474e-02
1.000000000000000021e-03
4.604604604604611851e-02
1.000000000000000021e-03
5.005005005005003227e-02
1.000000000000000021e-03
5.405405405405394603e-02
1.000000000000000021e-03
5.805805805805785980e-02
1.000000000000000021e-03
6.206206206206221765e-02
1.000000000000000021e-03
6.606606606606613141e-02
1.000000000000000021e-03
7.007007007007004518e-02
1.000000000000000021e-03
7.407407407407395894e-02
1.000000000000000021e-03
7.807807807807787270e-02
1.000000000000000021e-03
8.208208208208223056e-02
1.000000000000000021e-03
8.608608608608614432e-02
1.000000000000000021e-03
9.009009009009005808e-02
1.000000000000000021e-03
9.409409409409397185e-02
1.000000000000000021e-03
9.809809809809788561e-02
1.000000000000000021e-03
1.021021021021022435e-01
1.000000000000000021e-03
1.061061061061061572e-01
1.000000000000000021e-03
1.101101101101100710e-01
1.000000000000000021e-03
1.141141141141139848e-01
1.000000000000000021e-03
1.181181181181178985e-01
1.000000000000000021e-03
1.221221221221222564e-01
1.000000000000000021e-03
1.261261261261261701e-01
1.000000000000000021e-03
1.301301301301300839e-01
1.000000000000000021e-03
1.341341341341339977e-01
1.000000000000000021e-03
1.381381381381379114e-01
1.000000000000000021e-03
1.421421421421422693e-01
1.000000000000000021e-03
1.461461461461461830e-01
1.000000000000000021e-03
1.501501501501500968e-01
1.000000000000000021e-03
1.541541541541540106e-01
1.000000000000000021e-03
1.581581581581579243e-01
1.000000000000000021e-03
1.621621621621622822e-01
1.000000000000000021e-03
1.661661661661661959e-01
1.000000000000000021e-03
1.701701701701701097e-01
1.000000000000000021e-03
1.741741741741740235e-01
1.000000000000000021e-03
1.781781781781779372e-01
1.000000000000000021e-03
1.821821821821822951e-01
1.000000000000000021e-03
1.861861861861862089e-01
1.000000000000000021e-03
1.901901901901901226e-01
1.000000000000000021e-03
1.941941941941940364e-01
1.000000000000000021e-03
1.981981981981983942e-01
1.000000000000000021e-03
2.022022022022023080e-01
1.000000000000000021e-03
2.062062062062062218e-01
1.000000000000000021e-03
2.102102102102101355e-01
1.000000000000000021e-03
2.142142142142140493e-01
1.000000000000000021e-03
2.182182182182184071e-01
1.000000000000000021e-03
2.222222222222223209e-01
1.000000000000000021e-03
2.262262262262262347e-01
1.000000000000000021e-03
2.302302302302301484e-01
1.000000000000000021e-03
2.342342342342340622e-01
1.000000000000000021e-03
2.382382382382384201e-01
1.000000000000000021e-03
2.422422422422423338e-01
1.000000000000000021e-03
2.462462462462462476e-01
1.000000000000000021e-03
2.502502502502501613e-01
1.000000000000000021e-03
2.542542542542540751e-01
1.000000000000000021e-03
2.582582582582584330e-01
1.000000000000000021e-03
2.622622622622623467e-01
1.000000000000000021e-03
2.662662662662662605e-01
1.000000000000000021e-03
2.702702702702701743e-01
1.000000000000000021e-03
2.742742742742740880e-01
1.000000000000000021e-03
2.782782782782784459e-01
1.000000000000000021e-03
2.822822822822823596e-01
1.000000000000000021e-03
2.862862862862862734e-01
1.000000000000000021e-03
2.902902902902901872e-01
1.000000000000000021e-03
2.942942942942941009e-01
1.000000000000000021e-03
2.982982982982984588e-01
1.000000000000000021e-03
3.023023023023023725e-01
1.000000000000000021e-03
3.063063063063062863e-01
1.000000000000000021e-03
3.103103103103102001e-01
1.000000000000000021e-03
3.143143143143141138e-01
1.000000000000000021e-03
3.183183183183184717e-01
1.000000000000000021e-03
3.223223223223223854e-01
1.000000000000000021e-03
3.263263263263262992e-01
1.000000000000000021e-03
3.303303303303302130e-01
1.000000000000000021e-03
3.343343343343341267e-01
1.000000000000000021e-03
3.383383383383384846e-01
1.000000000000000021e-03
3.423423423423423984e-01
1.000000000000000021e-03
3.463463463463463121e-01
1.000000000000000021e-03
3.503503503503502259e-01
1.000000000000000021e-03
3.543543543543541396e-01
1.000000000000000021e-03
3.583583583583584975e-01
1.000000000000000021e-03
3.623623623623624113e-01
1.000000000000000021e-03
3.663663663663663250e-01
1.000000000000000021e-03
3.703703703703702388e-01
1.000000000000000021e-03
3.743743743743741526e-01
1.000000000000000021e-03
3.783783783783785104e-01
1.000000000000000021e-03
3.823823823823824242e-01
1.000000000000000021e-03
3.863863863863863379e-01
1.000000000000000021e-03
3.903903903903902517e-01
1.000000000000000021e-03
3.943943943943941655e-01
1.000000000000000021e-03
3.983983983983985233e-01
1.000000000000000021e-03
4.024024024024024371e-01
1.000000000000000021e-03
4.064064064064063508e-01
1.000000000000000021e-03
4.104104104104102646e-01
1.000000000000000021e-03
4.144144144144141784e-01
1.000000000000000021e-03
4.184184184184185362e-01
1.000000000000000021e-03
4.224224224224224500e-01
1.000000000000000021e-03
4.264264264264263637e-01
1.000000000000000021e-03
4.304304304304302775e-01
1.000000000000000021e-03
4.344344344344346354e-01
1.000000000000000021e-03
4.384384384384385491e-01
1.000000000000000021e-03
4.424424424424424629e-01
1.000000000000000021e-03
4.464464464464463767e-01
1.000000000000000021e-03
4.504504504504502904e-01
1.000000000000000021e-03
4.544544544544546483e-01
1.000000000000000021e-03
4.584584584584585620e-01
1.000000000000000021e-03
4.624624624624624758e-01
1.000000000000000021e-03
4.664664664664663896e-01
1.000000000000000021e-03
4.704704704704703033e-01
1.000000000000000021e-03
4.744744744744746612e-01
1.000000000000000021e-03
4.784784784784785749e-01
1.000000000000000021e-03
4.824824824824824887e-01
1.000000000000000021e-03
4.864864864864864025e-01
1.000000000000000021e-03
4.904904904904903162e-01
1.000000000000000021e-03
4.944944944944946741e-01
1.000000000000000021e-03
4.984984984984985878e-01
1.000000000000000021e-03
5.025025025025025016e-01
1.000000000000000021e-03
5.065065065065064154e-01
1.000000000000000021e-03
5.105105105105103291e-01
1.000000000000000021e-03
5.145145145145146870e-01
1.000000000000000021e-03
5.185185185185186008e-01
1.000000000000000021e-03
5.225225225225225145e-01
1.000000000000000021e-03
5.265265265265264283e-01
1.000000000000000021e-03
5.305305305305303420e-01
1.000000000000000021e-03
5.345345345345346999e-01
1.000000000000000021e-03
5.385385385385386137e-01
1.000000000000000021e-03
5.425425425425425274e-01
1.000000000000000021e-03
5.465465465465464412e-01
1.000000000000000021e-03
5.505505505505503550e-01
1.000000000000000021e-03
5.545545545545547128e-01
1.000000000000000021e-03
5.585585585585586266e-01
1.000000000000000021e-03
5.625625625625625403e-01
1.000000000000000021e-03
5.665665665665664541e-01
1.000000000000000021e-03
5.705705705705703679e-01
1.000000000000000021e-03
5.745745745745747257e-01
1.000000000000000021e-03
5.785785785785786395e-01
1.000000000000000021e-03
5.825825825825825532e-01
1.000000000000000021e-03
5.865865865865864670e-01
1.000000000000000021e-03
5.905905905905903808e-01
1.000000000000000021e-03
5.945945945945947386e-01
1.000000000000000021e-03
5.985985985985986524e-01
1.000000000000000021e-03
6.026026026026025662e-01
1.000000000000000021e-03
6.066066066066064799e-01
1.000000000000000021e-03
6.106106106106103937e-01
1.000000000000000021e-03
6.146146146146147515e-01
1.000000000000000021e-03
6.186186186186186653e-01
1.000000000000000021e-03
6.226226226226225791e-01
1.000000000000000021e-03
6.266266266266264928e-01
1.000000000000000021e-03
6.306306306306304066e-01
1.000000000000000021e-03
6.346346346346347644e-01
1.000000000000000021e-03
6.386386386386386782e-01
1.000000000000000021e-03
6.426426426426425920e-01
1.000000000000000021e-03
6.466466466466465057e-01
1.000000000000000021e-03
6.506506506506504195e-01
1.000000000000000021e-03
6.546546546546547773e-01
1.000000000000000021e-03
6.586586586586586911e-01
1.000000000000000021e-03
6.626626626626626049e-01
1.000000000000000021e-03
6.666666666666665186e-01
1.000000000000000021e-03
6.706706706706704324e-01
1.000000000000000021e-03
6.746746746746747903e-01
1.000000000000000021e-03
6.786786786786787040e-01
1.000000000000000021e-03
6.826826826826826178e-01
1.000000000000000021e-03
6.866866866866865315e-01
1.000000000000000021e-03
6.906906906906904453e-01
1.000000000000000021e-03
6.946946946946948032e-01
1.000000000000000021e-03
6.986986986986987169e-01
1.000000000000000021e-03
7.027027027027026307e-01
1.000000000000000021e-03
7.067067067067065445e-01
1.000000000000000021e-03
7.107107107107109023e-01
1.000000000000000021e-03
7.147147147147148161e-01
1.000000000000000021e-03
7.187187187187187298e-01
1.000000000000000021e-03
7.227227227227226436e-01
1.000000000000000021e-03
7.267267267267265574e-01
1.000000000000000021e-03
7.307307307307309152e-01
1.000000000000000021e-03
7.347347347347348290e-01
1.000000000000000021e-03
7.387387387387387427e-01
1.000000000000000021e-03
7.427427427427426565e-01
1.000000000000000021e-03
7.467467467467465703e-01
1.000000000000000021e-03
7.507507507507509281e-01
1.000000000000000021e-03
7.547547547547548419e-01
1.000000000000000021e-03
7.587587587587587556e-01
1.000000000000000021e-03
7.627627627627626694e-01
1.000000000000000021e-03
7.667667667667665832e-01
1.000000000000000021e-03
7.707707707707709410e-01
1.000000000000000021e-03
7.747747747747748548e-01
1.000000000000000021e-03
7.787787787787787686e-01
1.000000000000000021e-03
7.827827827827826823e-01
1.000000000000000021e-03
7.867867867867865961e-01
1.000000000000000021e-03
7.907907907907909539e-01
1.000000000000000021e-03
7.947947947947948677e-01
1.000000000000000021e-03
7.987987987987987815e-01
1.000000000000000021e-03
8.028028028028026952e-01
1.000000000000000021e-03
8.068068068068066090e-01
1.000000000000000021e-03
8.108108108108109668e-01
1.000000000000000021e-03
8.148148148148148806e-01
1.000000000000000021e-03
8.188188188188187944e-01
1.000000000000000021e-03
8.228228228228227081e-01
1.000000000000000021e-03
8.268268268268266219e-01
1.000000000000000021e-03
8.308308308308309797e-01
1.000000000000000021e-03
8.348348348348348935e-01
1.000000000000000021e-03
8.388388388388388073e-01
1.000000000000000021e-03
8.428428428428427210e-01
1.000000000000000021e-03
8.468468468468466348e-01
1.000000000000000021e-03
8.508508508508509927e-01
1.000000000000000021e-03
8.548548548548549064e-01
1.000000000000000021e-03
8.588588588588588202e-01
1.000000000000000021e-03
8.628628628628627339e-01
1.000000000000000021e-03
8.668668668668666477e-01
1.000000000000000021e-03
8.708708708708710056e-01
1.000000000000000021e-03
8.748748748748749193e-01
1.000000000000000021e-03
8.788788788788788331e-01
1.000000000000000021e-03
8.828828828828827469e-01
1.000000000000000021e-03
8.868868868868866606e-01
1.000000000000000021e-03
8.908908908908910185e-01
1.000000000000000021e-03
8.948948948948949322e-01
1.000000000000000021e-03
8.988988988988988460e-01
1.000000000000000021e-03
9.029029029029027598e-01
1.000000000000000021e-03
9.069069069069066735e-01
1.000000000000000021e-03
9.109109109109110314e-01
1.000000000000000021e-03
9.149149149149149451e-01
1.000000000000000021e-03
9.189189189189188589e-01
1.000000000000000021e-03
9.229229229229227727e-01
1.000000000000000021e-03
9.269269269269266864e-01
1.000000000000000021e-03
9.309309309309310443e-01
1.000000000000000021e-03
9.349349349349349581e-01
1.000000000000000021e-03
9.389389389389388718e-01
1.000000000000000021e-03
9.429429429429427856e-01
1.000000000000000021e-03
9.469469469469471434e-01
1.000000000000000021e-03
9.509509509509510572e-01
1.000000000000000021e-03
9.549549549549549710e-01
1.000000000000000021e-03
9.589589589589588847e-01
1.000000000000000021e-03
9.629629629629627985e-01
1.000000000000000021e-03
9.669669669669671563e-01
1.000000000000000021e-03
9.709709709709710701e-01
1.000000000000000021e-03
9.749749749749749839e-01
1.000000000000000021e-03
9.789789789789788976e-01
1.000000000000000021e-03
9.829829829829828114e-01
1.000000000000000021e-03
9.869869869869871692e-01
1.000000000000000021e-03
9.909909909909910830e-01
1.000000000000000021e-03
9.949949949949949968e-01
1.000000000000000021e-03
9.989989989989989105e-01
1.000000000000000021e-03
1.003003003003002824e+00
1.000000000000000021e-03
1.007007007007007182e+00
1.000000000000000021e-03
1.011011011011011096e+00
1.000000000000000021e-03
1.015015015015015010e+00
1.000000000000000021e-03
1.019019019019018923e+00
1.000000000000000021e-03
1.023023023023022837e+00
1.000000000000000021e-03
1.027027027027027195e+00
1.000000000000000021e-03
1.031031031031031109e+00
1.000000000000000021e-03
1.035035035035035023e+00
1.000000000000000021e-03
1.039039039039038936e+00
1.000000000000000021e-03
1.043043043043042850e+00
1.000000000000000021e-03
1.047047047047047208e+00
1.000000000000000021e-03
1.051051051051051122e+00
1.000000000000000021e-03
1.055055055055055035e+00
1.000000000000000021e-03
1.059059059059058949e+00
1.000000000000000021e-03
1.063063063063062863e+00
1.000000000000000021e-03
1.067067067067067221e+00
1.000000000000000021e-03
1.071071071071071135e+00
1.000000000000000021e-03
1.075075075075075048e+00
1.000000000000000021e-03
1.079079079079078962e+00
1.000000000000000021e-03
1.083083083083082876e+00
1.000000000000000021e-03
1.087087087087087234e+00
1.000000000000000021e-03
1.091091091091091148e+00
1.000000000000000021e-03
1.095095095095095061e+00
1.000000000000000021e-03
1.099099099099098975e+00
1.000000000000000021e-03
1.103103103103102889e+00
1.000000000000000021e-03
1.107107107107107247e+00
1.000000000000000021e-03
1.111111111111111160e+00
1.000000000000000021e-03
1.115115115115115074e+00
1.000000000000000021e-03
1.119119119119118988e+00
1.000000000000000021e-03
1.123123123123122902e+00
1.000000000000000021e-03
1.127127127127127260e+00
1.000000000000000021e-03
1.131131131131131173e+00
1.000000000000000021e-03
1.135135135135135087e+00
1.000000000000000021e-03
1.139139139139139001e+00
1.000000000000000021e-03
1.143143143143142915e+00
1.000000000000000021e-03
1.147147147147147273e+00
1.000000000000000021e-03
1.151151151151151186e+00
1.000000000000000021e-03
1.155155155155155100e+00
1.000000000000000021e-03
1.159159159159159014e+00
1.000000000000000021e-03
1.163163163163162928e+00
1.000000000000000021e-03
1.167167167167167285e+00
1.000000000000000021e-03
1.171171171171171199e+00
1.000000000000000021e-03
1.175175175175175113e+00
1.000000000000000021e-03
1.179179179179179027e+00
1.000000000000000021e-03
1.183183183183182940e+00
1.000000000000000021e-03
1.187187187187187298e+00
1.000000000000000021e-03
1.191191191191191212e+00
1.000000000000000021e-03
1.195195195195195126e+00
1.000000000000000021e-03
1.199199199199199040e+00
1.000000000000000021e-03
1.203203203203202953e+00
1.000000000000000021e-03
1.207207207207207311e+00
1.000000000000000021e-03
1.211211211211211225e+00
1.000000000000000021e-03
1.215215215215215139e+00
1.000000000000000021e-03
1.219219219219219053e+00
1.000000000000000021e-03
1.223223223223223410e+00
1.000000000000000021e-03
1.227227227227227324e+00
1.000000000000000021e-03
1.231231231231231238e+00
1.000000000000000021e-03
1.235235235235235152e+00
1.000000000000000021e-03
1.239239239239239065e+00
1.000000000000000021e-03
1.243243243243243423e+00
1.000000000000000021e-03
1.247247247247247337e+00
1.000000000000000021e-03
1.251251251251251251e+00
1.000000000000000021e-03
1.255255255255255165e+00
1.000000000000000021e-03
1.259259259259259078e+00
1.000000000000000021e-03
1.263263263263263436e+00
1.000000000000000021e-03
1.267267267267267350e+00
1.000000000000000021e-03
1.271271271271271264e+00
1.000000000000000021e-03
1.275275275275275177e+00
1.000000000000000021e-03
1.279279279279279091e+00
1.000000000000000021e-03
1.283283283283283449e+00
1.000000000000000021e-03
1.287287287287287363e+00
1.000000000000000021e-03
1.291291291291291277e+00
1.000000000000000021e-03
1.295295295295295190e+00
1.000000000000000021e-03
1.299299299299299104e+00
1.000000000000000021e-03
1.303303303303303462e+00
1.000000000000000021e-03
1.307307307307307376e+00
1.000000000000000021e-03
1.311311311311311290e+00
1.000000000000000021e-03
1.315315315315315203e+00
1.000000000000000021e-03
1.319319319319319117e+00
1.000000000000000021e-03
1.323323323323323475e+00
1.000000000000000021e-03
1.327327327327327389e+00
1.000000000000000021e-03
1.331331331331331302e+00
1.000000000000000021e-03
1.335335335335335216e+00
1.000000000000000021e-03
1.339339339339339130e+00
1.000000000000000021e-03
1.343343343343343488e+00
1.000000000000000021e-03
1.347347347347347402e+00
1.000000000000000021e-03
1.351351351351351315e+00
1.000000000000000021e-03
1.355355355355355229e+00
1.000000000000000021e-03
1.359359359359359143e+00
1.000000000000000021e-03
1.363363363363363501e+00
1.000000000000000021e-03
1.367367367367367414e+00
1.000000000000000021e-03
1.371371371371371328e+00
1.000000000000000021e-03
1.375375375375375242e+00
1.000000000000000021e-03
1.379379379379379156e+00
1.000000000000000021e-03
1.383383383383383514e+00
1.000000000000000021e-03
1.387387387387387427e+00
1.000000000000000021e-03
1.391391391391391341e+00
1.000000000000000021e-03
1.395395395395395255e+00
1.000000000000000021e-03
1.399399399399399169e+00
1.000000000000000021e-03
1.403403403403403527e+00
1.000000000000000021e-03
1.407407407407407440e+00
1.000000000000000021e-03
1.411411411411411354e+00
1.000000000000000021e-03
1.415415415415415268e+00
1.000000000000000021e-03
1.419419419419419182e+00
1.000000000000000021e-03
1.423423423423423539e+00
1.000000000000000021e-03
1.427427427427427453e+00
1.000000000000000021e-03
1.431431431431431367e+00
1.000000000000000021e-03
1.435435435435435281e+00
1.000000000000000021e-03
1.439439439439439195e+00
1.000000000000000021e-03
1.443443443443443552e+00
1.000000000000000021e-03
1.447447447447447466e+00
1.000000000000000021e-03
1.451451451451451380e+00
1.000000000000000021e-03
1.455455455455455294e+00
1.000000000000000021e-03
1.459459459459459651e+00
1.000000000000000021e-03
1.463463463463463565e+00
1.000000000000000021e-03
1.467467467467467479e+00
1.000000000000000021e-03
1.471471471471471393e+00
1.000000000000000021e-03
1.475475475475475307e+00
1.000000000000000021e-03
1.479479479479479664e+00
1.000000000000000021e-03
1.483483483483483578e+00
1.000000000000000021e-03
1.487487487487487492e+00
1.000000000000000021e-03
1.491491491491491406e+00
1.000000000000000021e-03
1.495495495495495319e+00
1.000000000000000021e-03
1.499499499499499677e+00
1.000000000000000021e-03
1.503503503503503591e+00
1.000000000000000021e-03
1.507507507507507505e+00
1.000000000000000021e-03
1.511511511511511419e+00
1.000000000000000021e-03
1.515515515515515332e+00
1.000000000000000021e-03
1.519519519519519690e+00
1.000000000000000021e-03
1.523523523523523604e+00
1.000000000000000021e-03
1.527527527527527518e+00
1.000000000000000021e-03
1.531531531531531432e+00
1.000000000000000021e-03
1.535535535535535345e+00
1.000000000000000021e-03
1.539539539539539703e+00
1.000000000000000021e-03
1.543543543543543617e+00
1.000000000000000021e-03
1.547547547547547531e+00
1.000000000000000021e-03
1.551551551551551444e+00
1.000000000000000021e-03
1.555555555555555358e+00
1.000000000000000021e-03
1.559559559559559716e+00
1.000000000000000021e-03
1.563563563563563630e+00
1.000000000000000021e-03
1.567567567567567544e+00
1.000000000000000021e-03
1.571571571571571457e+00
1.000000000000000021e-03
1.575575575575575371e+00
1.000000000000000021e-03
1.579579579579579729e+00
1.000000000000000021e-03
1.583583583583583643e+00
1.000000000000000021e-03
1.587587587587587556e+00
1.000000000000000021e-03
1.591591591591591470e+00
1.000000000000000021e-03
1.595595595595595384e+00
1.000000000000000021e-03
1.599599599599599742e+00
1.000000000000000021e-03
1.603603603603603656e+00
1.000000000000000021e-03
1.607607607607607569e+00
1.000000000000000021e-03
1.611611611611611483e+00
1.000000000000000021e-03
1.615615615615615397e+00
1.000000000000000021e-03
1.619619619619619755e+00
1.000000000000000021e-03
1.623623623623623669e+00
1.000000000000000021e-03
1.627627627627627582e+00
1.000000000000000021e-03
1.631631631631631496e+00
1.000000000000000021e-03
1.635635635635635410e+00
1.000000000000000021e-03
1.639639639639639768e+00
1.000000000000000021e-03
1.643643643643643681e+00
1.000000000000000021e-03
1.647647647647647595e+00
1.000000000000000021e-03
1.651651651651651509e+00
1.000000000000000021e-03
1.655655655655655423e+00
1.000000000000000021e-03
1.659659659659659781e+00
1.000000000000000021e-03
1.663663663663663694e+00
1.000000000000000021e-03
1.667667667667667608e+00
1.000000000000000021e-03
1.671671671671671522e+00
1.000000000000000021e-03
1.675675675675675436e+00
1.000000000000000021e-03
1.679679679679679793e+00
1.000000000000000021e-03
1.683683683683683707e+00
1.000000000000000021e-03
1.687687687687687621e+00
1.000000000000000021e-03
1.691691691691691535e+00
1.000000000000000021e-03
1.695695695695695449e+00
1.000000000000000021e-03
1.699699699699699806e+00
1.000000000000000021e-03
1.703703703703703720e+00
1.000000000000000021e-03
1.707707707707707634e+00
1.000000000000000021e-03
1.711711711711711548e+00
1.000000000000000021e-03
1.715715715715715461e+00
1.000000000000000021e-03
1.719719719719719819e+00
1.000000000000000021e-03
1.723723723723723733e+00
1.000000000000000021e-03
1.727727727727727647e+00
1.000000000000000021e-03
1.731731731731731561e+00
1.000000000000000021e-03
1.735735735735735918e+00
1.000000000000000021e-03
1.739739739739739832e+00
1.000000000000000021e-03
1.743743743743743746e+00
1.000000000000000021e-03
1.747747747747747660e+00
1.000000000000000021e-03
1.751751751751751573e+00
1.000000000000000021e-03
1.755755755755755931e+00
1.000000000000000021e-03
1.759759759759759845e+00
1.000000000000000021e-03
1.763763763763763759e+00
1.000000000000000021e-03
1.767767767767767673e+00
1.000000000000000021e-03
1.771771771771771586e+00
1.000000000000000021e-03
1.775775775775775944e+00
1.000000000000000021e-03
1.779779779779779858e+00
1.000000000000000021e-03
1.783783783783783772e+00
1.000000000000000021e-03
1.787787787787787686e+00
1.000000000000000021e-03
1.791791791791791599e+00
1.000000000000000021e-03
1.795795795795795957e+00
1.000000000000000021e-03
1.799799799799799871e+00
1.000000000000000021e-03
1.803803803803803785e+00
1.000000000000000021e-03
1.807807807807807698e+00
1.000000000000000021e-03
1.811811811811811612e+00
1.000000000000000021e-03
1.815815815815815970e+00
1.000000000000000021e-03
1.819819819819819884e+00
1.000000000000000021e-03
1.823823823823823798e+00
1.000000000000000021e-03
1.827827827827827711e+00
1.000000000000000021e-03
1.831831831831831625e+00
1.000000000000000021e-03
1.835835835835835983e+00
1.000000000000000021e-03
1.839839839839839897e+00
1.000000000000000021e-03
1.843843843843843811e+00
1.000000000000000021e-03
1.847847847847847724e+00
1.000000000000000021e-03
1.851851851851851638e+00
1.000000000000000021e-03
1.855855855855855996e+00
1.000000000000000021e-03
1.859859859859859910e+00
1.000000000000000021e-03
1.863863863863863823e+00
1.000000000000000021e-03
1.867867867867867737e+00
1.000000000000000021e-03
1.871871871871871651e+00
1.000000000000000021e-03
1.875875875875876009e+00
1.000000000000000021e-03
1.879879879879879923e+00
1.000000000000000021e-03
1.883883883883883836e+00
1.000000000000000021e-03
1.887887887887887750e+00
1.000000000000000021e-03
1.891891891891891664e+00
1.000000000000000021e-03
1.895895895895896022e+00
1.000000000000000021e-03
1.899899899899899935e+00
1.000000000000000021e-03
1.903903903903903849e+00
1.000000000000000021e-03
1.907907907907907763e+00
1.000000000000000021e-03
1.911911911911911677e+00
1.000000000000000021e-03
1.915915915915916035e+00
1.000000000000000021e-03
1.919919919919919948e+00
1.000000000000000021e-03
1.923923923923923862e+00
1.000000000000000021e-03
1.927927927927927776e+00
1.000000000000000021e-03
1.931931931931931690e+00
1.000000000000000021e-03
1.935935935935936048e+00
1.000000000000000021e-03
1.939939939939939961e+00
1.000000000000000021e-03
1.943943943943943875e+00
1.000000000000000021e-03
1.947947947947947789e+00
1.000000000000000021e-03
1.951951951951951703e+00
1.000000000000000021e-03
1.955955955955956060e+00
1.000000000000000021e-03
1.959959959959959974e+00
1.000000000000000021e-03
1.963963963963963888e+00
1.000000000000000021e-03
1.967967967967967802e+00
1.000000000000000021e-03
1.971971971971972160e+00
1.000000000000000021e-03
1.975975975975976073e+00
1.000000000000000021e-03
1.979979979979979987e+00
1.000000000000000021e-03
1.983983983983983901e+00
1.000000000000000021e-03
1.987987987987987815e+00
1.000000000000000021e-03
1.991991991991992172e+00
1.000000000000000021e-03
1.995995995995996086e+00
1.000000000000000021e-03
2.000000000000000000e+00
1.000000000000000021e-03
