1.923629889131331452e-10
1.009741958682895111e-28
1.928570631500788531e-10
0.000000000000000000e+00
1.933526848138598591e-10
-5.048709793414475555e-29
1.938498551397643477e-10
-5.048709793414475555e-29
1.943485752515654162e-10
-5.048709793414475555e-29
1.948488461583422965e-10
1.514612938024342666e-28
1.953506687512496722e-10
0.000000000000000000e+00
1.958540438001820726e-10
1.009741958682895111e-28
1.963589719503757892e-10
1.514612938024342666e-28
1.968654537189136757e-10
-1.514612938024342666e-28
1.973734894911480307e-10
-5.048709793414475555e-29
1.978830795170315873e-10
0.000000000000000000e+00
1.983942239073645423e-10
-5.048709793414475555e-29
1.989069226299368444e-10
1.514612938024342666e-28
1.994211755055823880e-10
-1.009741958682895111e-28
1.999369822041305064e-10
-5.048709793414475555e-29
2.004543422402610735e-10
1.514612938024342666e-28
2.009732549692469017e-10
1.514612938024342666e-28
2.014937195825983514e-10
-1.009741958682895111e-28
2.020157351035896287e-10
-1.009741958682895111e-28
2.025393003826866212e-10
-1.514612938024342666e-28
2.030644140928385092e-10
2.524354896707237777e-28
2.035910747246703983e-10
-2.019483917365790222e-28
2.041192805815403468e-10
1.009741958682895111e-28
2.046490297744815439e-10
-1.009741958682895111e-28
2.051803202170060127e-10
-1.009741958682895111e-28
2.057131496197869765e-10
-1.514612938024342666e-28
2.062475154851961060e-10
-2.019483917365790222e-28
2.067834151017072808e-10
-1.514612938024342666e-28
2.073208455381547152e-10
1.009741958682895111e-28
2.078598036378475679e-10
5.048709793414475555e-29
2.084002860125273879e-10
2.524354896707237777e-28
2.089422890361782701e-10
1.514612938024342666e-28
2.094858088386696105e-10
1.514612938024342666e-28
2.100308412992443334e-10
2.019483917365790222e-28
2.105773820398274660e-10
5.048709793414475555e-29
2.111254264181730500e-10
-1.009741958682895111e-28
2.116749695208232319e-10
-5.048709793414475555e-29
2.122260061558934908e-10
2.524354896707237777e-28
2.127785308456636843e-10
-2.019483917365790222e-28
2.133325378189778622e-10
1.009741958682895111e-28
2.138880210034489673e-10
-5.048709793414475555e-29
2.144449740174498148e-10
-3.029225876048685333e-28
2.150033901619030140e-10
1.009741958682895111e-28
2.155632624118540663e-10
0.000000000000000000e+00
2.161245834078183321e-10
0.000000000000000000e+00
2.166873454469003161e-10
-1.009741958682895111e-28
2.172515404736804120e-10
-2.524354896707237777e-28
2.178171600708573697e-10
-1.009741958682895111e-28
2.183841954496413685e-10
-5.048709793414475555e-29
2.189526374398941273e-10
2.019483917365790222e-28
2.195224764800040588e-10
-5.048709793414475555e-29
2.200937026064890229e-10
0.000000000000000000e+00
2.206663054433183036e-10
4.038967834731580444e-28
2.212402741909533453e-10
2.019483917365790222e-28
2.218155976150867738e-10
5.048709793414475555e-29
2.223922640350806866e-10
-2.524354896707237777e-28
2.229702613120865812e-10
-1.514612938024342666e-28
2.235495768368503867e-10
1.514612938024342666e-28
2.241301975171731291e-10
1.514612938024342666e-28
2.247121097650441374e-10
0.000000000000000000e+00
2.252952994834089452e-10
1.009741958682895111e-28
2.258797520525753528e-10
-2.019483917365790222e-28
2.264654523162545476e-10
5.048709793414475555e-29
2.270523845672062119e-10
2.019483917365790222e-28
2.276405325324881347e-10
-2.524354896707237777e-28
2.282298793582989025e-10
1.009741958682895111e-28
2.288204075944015195e-10
1.514612938024342666e-28
2.294120991781006609e-10
0.000000000000000000e+00
2.300049354177790903e-10
1.514612938024342666e-28
2.305988969759758707e-10
1.009741958682895111e-28
2.311939638519760738e-10
1.514612938024342666e-28
2.317901153639141073e-10
-3.029225876048685333e-28
2.323873301303757700e-10
0.000000000000000000e+00
2.329855860514665181e-10
-1.514612938024342666e-28
2.335848602893435102e-10
-2.019483917365790222e-28
2.341851292481971653e-10
-5.048709793414475555e-29
2.347863685536462995e-10
5.048709793414475555e-29
2.353885530315517051e-10
-5.048709793414475555e-29
2.359916566862098594e-10
2.524354896707237777e-28
2.365956526779158062e-10
0.000000000000000000e+00
2.372005132998807839e-10
2.524354896707237777e-28
2.378062099544656205e-10
-3.029225876048685333e-28
2.384127131287277755e-10
-1.009741958682895111e-28
2.390199923692442885e-10
0.000000000000000000e+00
2.396280162561987438e-10
1.009741958682895111e-28
2.402367523766962687e-10
-5.048709793414475555e-28
2.408461672972912112e-10
1.009741958682895111e-28
2.414562265356977178e-10
-1.009741958682895111e-28
2.420668945316478508e-10
0.000000000000000000e+00
2.426781346168861279e-10
-1.009741958682895111e-28
2.432899089842614024e-10
-3.029225876048685333e-28
2.439021786558685184e-10
2.019483917365790222e-28
2.445149034502488934e-10
1.009741958682895111e-28
2.451280419485768228e-10
3.029225876048685333e-28
2.457415514598214239e-10
1.009741958682895111e-28
2.463553879848369164e-10
-2.019483917365790222e-28
2.469695061793528551e-10
2.019483917365790222e-28
2.475838593158140660e-10
-2.019483917365790222e-28
2.481983992440520850e-10
1.009741958682895111e-28
2.488130763507143272e-10
3.029225876048685333e-28
2.494278395174503138e-10
1.009741958682895111e-28
2.500426360777566253e-10
2.019483917365790222e-28
2.506574117724939721e-10
-2.019483917365790222e-28
2.512721107039774807e-10
0.000000000000000000e+00
2.518866752886225690e-10
-2.019483917365790222e-28
2.525010462080713927e-10
0.000000000000000000e+00
2.531151623587683809e-10
-1.009741958682895111e-28
2.537289607999040020e-10
0.000000000000000000e+00
2.543423766996925888e-10
-3.029225876048685333e-28
2.549553432798943165e-10
2.019483917365790222e-28
2.555677917585477832e-10
1.009741958682895111e-28
2.561796512908272165e-10
-2.019483917365790222e-28
2.567908489079508422e-10
4.038967834731580444e-28
2.574013094540911473e-10
-5.048709793414475555e-28
2.580109555211877743e-10
0.000000000000000000e+00
2.586197073815982688e-10
-1.009741958682895111e-28
2.592274829184978108e-10
2.019483917365790222e-28
2.598341975539458816e-10
0.000000000000000000e+00
2.604397641745365831e-10
-1.009741958682895111e-28
2.610440930545217117e-10
0.000000000000000000e+00
2.616470917763339530e-10
1.009741958682895111e-28
2.622486651483903057e-10
3.029225876048685333e-28
2.628487151200679449e-10
-1.009741958682895111e-28
2.634471406937724409e-10
-1.009741958682895111e-28
2.640438378339436010e-10
-2.019483917365790222e-28
2.646386993728953291e-10
2.019483917365790222e-28
2.652316149133820728e-10
1.009741958682895111e-28
2.658224707277275602e-10
0.000000000000000000e+00
2.664111496534018292e-10
4.038967834731580444e-28
2.669975309848966241e-10
2.019483917365790222e-28
2.675814903617479398e-10
-1.009741958682895111e-28
2.681628996525497387e-10
0.000000000000000000e+00
2.687416268347956784e-10
0.000000000000000000e+00
2.693175358703773144e-10
-2.019483917365790222e-28
2.698904865765611405e-10
-5.048709793414475555e-28
2.704603344922502336e-10
-2.019483917365790222e-28
2.710269307393454232e-10
1.009741958682895111e-28
2.715901218789843507e-10
3.029225876048685333e-28
2.721497497624600521e-10
1.009741958682895111e-28
2.727056513765825925e-10
-1.009741958682895111e-28
2.732576586832478518e-10
1.009741958682895111e-28
2.738055984529739918e-10
-3.029225876048685333e-28
2.743492920921296380e-10
-1.009741958682895111e-28
2.748885554636040692e-10
0.000000000000000000e+00
2.754231987006168235e-10
4.038967834731580444e-28
2.759530260133668151e-10
-3.029225876048685333e-28
2.764778354882241072e-10
-2.019483917365790222e-28
2.769974188791158927e-10
-1.009741958682895111e-28
2.775115613907706384e-10
5.048709793414475555e-28
2.780200414534651723e-10
-2.019483917365790222e-28
2.785226304888697563e-10
-1.009741958682895111e-28
2.790190926666215492e-10
-1.009741958682895111e-28
2.795091846511854716e-10
0.000000000000000000e+00
2.799926553385757992e-10
3.029225876048685333e-28
2.804692455824613082e-10
0.000000000000000000e+00
2.809386879091823219e-10
-1.009741958682895111e-28
2.814007062211602424e-10
-1.009741958682895111e-28
2.818550154881675866e-10
1.009741958682895111e-28
2.823013214258858068e-10
0.000000000000000000e+00
2.827393201611737312e-10
1.009741958682895111e-28
2.831686978834083507e-10
0.000000000000000000e+00
2.835891304812448416e-10
0.000000000000000000e+00
2.840002831641162429e-10
-2.019483917365790222e-28
2.844018100677411996e-10
-2.019483917365790222e-28
2.847933538428758183e-10
-1.009741958682895111e-28
2.851745452265069083e-10
4.038967834731580444e-28
2.855450025946626844e-10
1.009741958682895111e-28
2.859043314959182634e-10
2.019483917365790222e-28
2.862521241646983082e-10
1.009741958682895111e-28
2.865879590133831688e-10
1.009741958682895111e-28
2.869114001021689305e-10
-4.038967834731580444e-28
2.872219965856330750e-10
-2.019483917365790222e-28
2.875192821348277953e-10
-1.009741958682895111e-28
2.878027743337279207e-10
4.038967834731580444e-28
2.880719740487569034e-10
1.009741958682895111e-28
2.883263647700693448e-10
0.000000000000000000e+00
2.885654119231941406e-10
2.019483917365790222e-28
2.887885621495810111e-10
-1.009741958682895111e-28
2.889952425545041590e-10
0.000000000000000000e+00
2.891848599207127391e-10
3.029225876048685333e-28
2.893567998861307150e-10
2.019483917365790222e-28
2.895104260838361421e-10
0.000000000000000000e+00
2.896450792424426945e-10
-2.019483917365790222e-28
2.897600762449492804e-10
5.048709793414475555e-28
2.898547091439980151e-10
2.019483917365790222e-28
2.899282441314110255e-10
2.019483917365790222e-28
2.899799204597797831e-10
4.038967834731580444e-28
2.900089493137629409e-10
2.019483917365790222e-28
2.900145126286736887e-10
-2.019483917365790222e-28
2.899957618538328978e-10
-1.009741958682895111e-28
2.899518166580517805e-10
2.019483917365790222e-28
2.898817635745358218e-10
-3.029225876048685333e-28
2.897846545823877982e-10
1.009741958682895111e-28
2.896595056218122715e-10
-1.009741958682895111e-28
2.895052950400383805e-10
-1.009741958682895111e-28
2.893209619649029482e-10
0.000000000000000000e+00
2.891054046029745033e-10
1.009741958682895111e-28
2.888574784590697590e-10
3.029225876048685333e-28
2.885759944739643075e-10
-2.019483917365790222e-28
2.882597170771125230e-10
0.000000000000000000e+00
2.879073621512288366e-10
-2.019483917365790222e-28
2.875175949056366774e-10
4.038967834731580444e-28
2.870890276554030921e-10
-1.009741958682895111e-28
2.866202175034667923e-10
0.000000000000000000e+00
2.861096639231855473e-10
1.009741958682895111e-28
2.855558062390464758e-10
3.029225876048685333e-28
2.849570210037239897e-10
1.009741958682895111e-28
2.843116192701631423e-10
2.019483917365790222e-28
2.836178437580927567e-10
1.009741958682895111e-28
2.828738659151824222e-10
3.029225876048685333e-28
2.820777828741076504e-10
-2.019483917365790222e-28
2.812276143081037369e-10
2.019483917365790222e-28
2.803212991891251032e-10
0.000000000000000000e+00
2.793566924546865862e-10
-2.019483917365790222e-28
2.783315615917545409e-10
-1.009741958682895111e-28
2.772435831488909828e-10
-1.009741958682895111e-28
2.760903391912336581e-10
-1.009741958682895111e-28
2.748693137169875541e-10
-1.009741958682895111e-28
2.735778890589739612e-10
0.000000000000000000e+00
2.722133423006934519e-10
1.009741958682895111e-28
2.707728417433803060e-10
-7.068193710780265776e-28
2.692534434689359573e-10
-2.019483917365790222e-28
2.676520880537527986e-10
1.009741958682895111e-28
2.659655975004293537e-10
-5.048709793414475555e-28
2.641906724688552458e-10
-4.038967834731580444e-28
2.623238899053177940e-10
-4.038967834731580444e-28
2.603617011889138729e-10
3.029225876048685333e-28
2.583004309391819324e-10
2.019483917365790222e-28
2.561362766583330446e-10
1.009741958682895111e-28
2.538653094167821098e-10
0.000000000000000000e+00
2.514834758329219858e-10
-2.019483917365790222e-28
2.489866016487791903e-10
1.009741958682895111e-28
2.463703972640016083e-10
-5.048709793414475555e-28
2.436304656636410277e-10
-1.009741958682895111e-28
2.407623132629981353e-10
-1.009741958682895111e-28
2.377613642984652219e-10
2.019483917365790222e-28
2.346229795206719973e-10
0.000000000000000000e+00
2.313424800998925631e-10
1.009741958682895111e-28
2.279151778394123141e-10
4.038967834731580444e-28
2.243364130173146365e-10
-2.019483917365790222e-28
2.206016014496293567e-10
0.000000000000000000e+00
2.167062926986443958e-10
-1.009741958682895111e-28
2.126462417526673350e-10
-2.019483917365790222e-28
2.084174969940118444e-10
1.009741958682895111e-28
2.040165078709847795e-10
2.019483917365790222e-28
1.994402564224744627e-10
1.009741958682895111e-28
1.946864177025014574e-10
1.009741958682895111e-28
1.897535552564841844e-10
-1.009741958682895111e-28
1.846413591615239049e-10
-1.009741958682895111e-28
1.793509358229398739e-10
-1.009741958682895111e-28
1.738851607990293599e-10
4.038967834731580444e-28
1.682491085073260411e-10
0.000000000000000000e+00
1.624505758783669053e-10
-3.029225876048685333e-28
1.565007210328883637e-10
-1.009741958682895111e-28
1.504148430781225671e-10
1.009741958682895111e-28
1.442133354221447544e-10
-2.019483917365790222e-28
1.379228529454383520e-10
2.019483917365790222e-28
1.315777434044993284e-10
-2.019483917365790222e-28
1.252218061701091797e-10
-1.009741958682895111e-28
1.189104576031847346e-10
0.000000000000000000e+00
1.127134030681940856e-10
0.000000000000000000e+00
1.067179421290504978e-10
0.000000000000000000e+00
1.010330676550359960e-10
1.009741958682895111e-28
9.579456376740298733e-11
2.019483917365790222e-28
9.117136496864021279e-11
-1.009741958682895111e-28
8.737351370266007095e-11
-2.524354896707237777e-28
8.466215179089221449e-11
-1.009741958682895111e-28
8.336211055552983368e-11
-5.553580772755923110e-28
8.387783575081051254e-11
-3.534096855390132888e-28
8.671361149763614820e-11
0.000000000000000000e+00
9.249935277399595384e-11
2.524354896707237777e-28
1.020236472443540567e-10
-4.543838814073027999e-28
1.162762844287443440e-10
-2.019483917365790222e-28
1.365032701002383228e-10
0.000000000000000000e+00
1.642783670568706781e-10
6.058451752097370666e-28
2.015966458333635057e-10
5.048709793414475555e-28
2.509975380135570505e-10
6.058451752097370666e-28
3.157277050092849132e-10
4.038967834731580444e-28
3.999580263947248680e-10
0.000000000000000000e+00
5.090747091256734766e-10
-2.423380700838948266e-27
6.500727255001655625e-10
-8.077935669463160887e-28
8.320917223938457810e-10
-1.615587133892632177e-27
1.067152077356867336e-09
-8.077935669463160887e-28
1.371174812350177548e-09
3.231174267785264355e-27
1.765408178462796672e-09
1.615587133892632177e-27
2.278443168332860592e-09
-1.615587133892632177e-27
2.949091750586723280e-09
1.615587133892632177e-27
3.830544534042885368e-09
0.000000000000000000e+00
4.996451005432351877e-09
-9.693522803355793065e-27
6.549929974615485440e-09
1.292469707114105742e-26
8.637114647949162009e-09
1.292469707114105742e-26
1.146783200735454048e-08
1.292469707114105742e-26
1.534770934455268018e-08
0.000000000000000000e+00
2.072894437386137588e-08
7.754818242684634452e-26
2.829221526452892399e-08
-3.877409121342317226e-26
3.908177996167696195e-08
-3.877409121342317226e-26
5.473381160082589530e-08
-1.292469707114105742e-25
7.787294440821344097e-08
1.033975765691284594e-25
1.128222360628797938e-07
-1.550963648536926890e-25
1.669187221051616399e-07
-2.584939414228211484e-25
2.530485385335144452e-07
5.169878828456422968e-26
3.947577179692563069e-07
-1.137373342260413053e-24
6.371123593746600893e-07
1.292469707114105742e-26
1.071259685131690536e-06
-5.169878828456422968e-24
1.894309183019033440e-06
-3.308722450212110699e-24
3.569508560436593825e-06
1.488925102595449815e-23
7.308286864471901295e-06
4.632211430296954979e-23
1.676579008914130754e-05
-3.970466940254532839e-23
4.546299454331669221e-05
-1.323488980084844280e-22
1.622766244454422566e-04
-3.811648262644351526e-21
1.008121782660639483e-03
-1.355252715606880543e-20
3.875517626348624900e-02
-5.421010862427522170e-19
7.775884803487846941e-01
-6.938893903907228378e-17
8.618594734275724090e-01
2.775557561562891351e-17
8.907786087357162375e-01
-8.326672684688674053e-17
9.067660047898559172e-01
8.326672684688674053e-17
9.172962377920024224e-01
0.000000000000000000e+00
9.249024197212991627e-01
-8.326672684688674053e-17
9.307196442904468459e-01
-2.775557561562891351e-17
9.353452761381588765e-01
-2.775557561562891351e-17
9.391289217592440064e-01
2.775557561562891351e-17
9.422915766999282461e-01
2.775557561562891351e-17
9.449822156534094519e-01
5.551115123125782702e-17
9.473108098154107148e-01
0.000000000000000000e+00
9.493999960120464987e-01
5.551115123125782702e-17
9.509637204805181376e-01
-8.326672684688674053e-17
9.525777459772767353e-01
-5.551115123125782702e-17
9.539770366191118178e-01
-2.775557561562891351e-17
9.552291449624740194e-01
-5.551115123125782702e-17
9.563553292959807717e-01
5.551115123125782702e-17
9.573728105255491228e-01
0.000000000000000000e+00
9.582954554398396274e-01
5.551115123125782702e-17
9.591345819017321750e-01
5.551115123125782702e-17
9.598995153620691889e-01
5.551115123125782702e-17
9.605979819541157205e-01
1.665334536937734811e-16
9.612363946091293521e-01
-1.110223024625156540e-16
9.618200644100758367e-01
-8.326672684688674053e-17
9.623533565751039021e-01
2.220446049250313081e-16
9.628398032317585509e-01
5.551115123125782702e-17
9.632821806792055686e-01
0.000000000000000000e+00
9.636825559837751687e-01
-1.665334536937734811e-16
9.640423063336291953e-01
0.000000000000000000e+00
9.643621156831527763e-01
0.000000000000000000e+00
9.646419613101313573e-01
-5.551115123125782702e-17
9.648811340923774127e-01
5.551115123125782702e-17
9.650784529864617767e-01
0.000000000000000000e+00
9.652333131800079347e-01
0.000000000000000000e+00
9.653505388801065790e-01
0.000000000000000000e+00
9.654668121418893412e-01
2.498001805406602216e-16
9.658619702189401579e-01
0.000000000000000000e+00
9.711534568840006765e-01
1.665334536937734811e-16
1.909739092650021952e+00
4.996003610813204432e-16
2.611654988727118543e+00
-1.665334536937734811e-16
2.703653782856550336e+00
-5.551115123125782702e-17
2.742773707129566141e+00
-3.885780586188047891e-16
2.763273705866033048e+00
2.220446049250313081e-16
2.772650673003135502e+00
1.665334536937734811e-16
2.770771635040121250e+00
3.885780586188047891e-16
2.745519056970281202e+00
1.110223024625156540e-16
2.482514713926800898e+00
0.000000000000000000e+00
4.699067200032836511e-01
-8.673617379884035472e-18
1.706481247391038875e-02
5.421010862427522170e-20
5.655507953110683848e-03
6.776263578034402713e-20
3.335279584940973284e-03
4.743384504624081899e-20
2.651823104231427943e-03
-6.776263578034402713e-21
2.636055643481345460e-03
0.000000000000000000e+00
3.268044248540677953e-03
5.421010862427522170e-20
5.404679781822370639e-03
1.821459649775647449e-17
1.526217031141401809e-02
1.301042606982605321e-17
2.960310741673691792e-01
2.081668171172168513e-17
1.998085506067619033e+00
-5.551115123125782702e-17
2.790216607339210952e+00
-2.220446049250313081e-16
2.835954351768855020e+00
2.220446049250313081e-16
2.852635830757884960e+00
-2.220446049250313081e-16
2.861807648651770730e+00
-1.110223024625156540e-16
2.867702347699060628e+00
-2.220446049250313081e-16
2.871812703203517003e+00
-2.220446049250313081e-16
2.874812479917518093e+00
-2.220446049250313081e-16
2.877050197515569341e+00
-1.110223024625156540e-16
2.878720926599528163e+00
1.110223024625156540e-16
2.879937521388983512e+00
-1.110223024625156540e-16
2.880763417692096429e+00
-1.110223024625156540e-16
2.881228292441706529e+00
-3.330669073875469621e-16
2.881334759910550769e+00
-1.110223024625156540e-16
2.881059159709830286e+00
5.551115123125782702e-16
2.880345128085223916e+00
-5.551115123125782702e-16
2.879100296276555060e+00
6.661338147750939243e-16
2.877153756386734873e+00
0.000000000000000000e+00
2.874221558568477164e+00
1.110223024625156540e-16
2.869781401481286132e+00
-3.330669073875469621e-16
2.862775254889695198e+00
0.000000000000000000e+00
2.850665919305972018e+00
1.110223024625156540e-16
2.825193991815265981e+00
3.330669073875469621e-16
2.730284710447208774e+00
2.220446049250313081e-16
1.157334856392181255e+00
3.330669073875469621e-16
9.853799388032615791e-01
5.551115123125782702e-17
9.774520371126056428e-01
-3.330669073875469621e-16
9.756988261342768309e-01
0.000000000000000000e+00
9.750740920187066507e-01
-5.551115123125782702e-17
9.747977902153929231e-01
-1.110223024625156540e-16
9.746651618532540251e-01
5.551115123125782702e-17
9.746070072039123566e-01
5.551115123125782702e-17
9.745990995202460372e-01
-2.220446049250313081e-16
9.746390719572151085e-01
-5.551115123125782702e-17
9.747448019140965147e-01
1.110223024625156540e-16
9.749721442191384702e-01
2.220446049250313081e-16
9.754880903767224609e-01
3.330669073875469621e-16
9.769243674164569402e-01
5.551115123125782702e-17
9.832693079542673686e-01
4.440892098500626162e-16
1.105618344921624363e+00
-2.220446049250313081e-16
2.754637261956990990e+00
1.110223024625156540e-16
2.848638772286817833e+00
5.551115123125782702e-16
2.869064237372031201e+00
1.110223024625156540e-16
2.877578047819743468e+00
2.220446049250313081e-16
2.881832596021568271e+00
1.110223024625156540e-16
2.883998387350269699e+00
-2.220446049250313081e-16
2.884929956346220514e+00
3.330669073875469621e-16
2.885031328907947668e+00
0.000000000000000000e+00
2.884546824928420961e+00
-2.220446049250313081e-16
2.883945453550511573e+00
-4.440892098500626162e-16
2.892956111203061731e+00
-2.220446049250313081e-16
3.608004596686746890e+00
0.000000000000000000e+00
3.738293065116011338e+00
0.000000000000000000e+00
3.749809697553054377e+00
-2.220446049250313081e-16
3.771872945352352957e+00
6.661338147750939243e-16
3.782543425722379116e+00
0.000000000000000000e+00
3.782455928576432314e+00
-2.220446049250313081e-16
3.777794521088751800e+00
-1.110223024625156540e-16
3.767616047796306322e+00
2.220446049250313081e-16
3.748350706781797825e+00
0.000000000000000000e+00
3.708167266641237081e+00
1.110223024625156540e-16
3.582106650008570981e+00
-1.110223024625156540e-16
2.764633090241075841e+00
3.330669073875469621e-16
2.774357390040931293e+00
1.110223024625156540e-16
2.803794483281031091e+00
0.000000000000000000e+00
2.821183812842187777e+00
-1.110223024625156540e-16
2.832843448719100543e+00
-5.551115123125782702e-17
2.840969615899268330e+00
5.551115123125782702e-17
2.847500652490724260e+00
3.330669073875469621e-16
2.852347787437626181e+00
5.551115123125782702e-17
2.856517195796692388e+00
2.775557561562891351e-16
2.859752559680052819e+00
-4.996003610813204432e-16
2.862369161767796655e+00
1.665334536937734811e-16
2.864473398277531668e+00
9.992007221626408864e-16
2.866153141734900434e+00
2.942091015256664832e-15
2.867403573775066050e+00
-1.665334536937734811e-16
2.868303314887120870e+00
-1.665334536937734811e-16
2.868868028414997884e+00
3.330669073875469621e-16
2.869099390664824334e+00
4.996003610813204432e-16
2.868994329780480079e+00
3.330669073875469621e-16
2.868539399493937214e+00
4.996003610813204432e-16
2.867709328427063831e+00
1.665334536937734811e-16
2.866464567360360594e+00
-5.551115123125782702e-17
2.864747147982557252e+00
-3.330669073875469621e-16
2.862473897526247146e+00
-2.775557561562891351e-16
2.859525241288560338e+00
2.220446049250313081e-16
2.855726141822160891e+00
1.665334536937734811e-16
2.850812011102569876e+00
-2.775557561562891351e-16
2.844363465477141695e+00
1.221245327087672194e-15
2.835669509336730787e+00
-3.885780586188047891e-16
2.823402208483664300e+00
-7.216449660063517513e-16
2.804687092345598209e+00
-7.216449660063517513e-16
2.771516123080342453e+00
-9.992007221626408864e-16
2.684744759584167362e+00
-3.053113317719180486e-15
1.828428193978399730e+00
8.881784197001252323e-16
9.725196790197823127e-01
2.864722348228099236e-14
9.517248112098235513e-01
-3.670024353863432509e-17
9.462169088543759266e-01
-4.385258974524963715e-17
9.446744719271294999e-01
-2.756245210365493303e-17
1.924229194249604591e+00
-2.164474112095748914e-16
2.342371650686969176e+00
1.695798076885735722e-16
2.151089175276770238e+00
-1.830152325396844706e-16
7.232689899685491863e-02
-1.287172442471316153e-18
4.781835166562191895e-03
-7.914464100907368793e-21
1.350277262883270912e-03
-8.602678370551487819e-21
5.883737992207914349e-04
5.201311691733438020e-21
3.170263305289150934e-04
-1.244079641279753623e-21
1.940719532623565624e-04
-1.502159992396298258e-21
1.294764967304829774e-04
-9.859992901632089884e-22
9.194847477695874960e-05
-3.970466940254532839e-23
6.849483810540644437e-05
6.418921553411494757e-22
5.300333981146786465e-05
-2.349192939650598597e-22
4.231879120632706917e-05
6.385834328909373650e-22
3.469088935508970990e-05
-3.639594695233321769e-23
2.909123501454874902e-05
-7.428081900726188520e-22
2.488657657768813289e-05
-9.198248411589667745e-22
2.167153499828138356e-05
-1.593149859777131302e-21
1.917804694710784441e-05
-1.020740875890436151e-21
1.722398540111743143e-05
-3.819092888157328775e-21
1.568282560381646250e-05
-1.508115692806680057e-20
1.446512063678063457e-05
5.582377256324366809e-19
1.350686352032137195e-05
-6.412865350556687765e-18
1.276200731196159913e-05
2.076235745217287759e-19
1.219758025309130693e-05
8.906874040817863746e-21
1.179047674186951853e-05
6.089496874462251485e-21
1.152537418037733004e-05
-3.271499322647224454e-22
1.139344659516926321e-05
4.350453034146079928e-22
1.139168547851204473e-05
2.551852189726090377e-22
1.152273433925467482e-05
-6.693959107085376459e-22
1.179521929259901773e-05
5.184354489176100952e-22
1.222463063045221328e-05
2.984054059785047337e-22
1.283489575509201116e-05
-4.084204274480574145e-22
1.366090231038296059e-05
1.362780059181113094e-22
1.475241293458912423e-05
4.615667818045894426e-22
1.618011362263455978e-05
2.936491174563248246e-23
1.804505558560668519e-05
2.717288312236695912e-22
2.049367781221318163e-05
1.865292281307077407e-22
2.374232153979899854e-05
1.224227306578480959e-22
2.811848436613322182e-05
5.074753058012824785e-22
3.413281508564648345e-05
-5.376673981594679887e-23
4.261023805084424162e-05
5.926749088942443290e-22
5.494112878776169967e-05
2.493949546847378440e-22
7.359238577951435450e-05
-9.926167350636332098e-24
1.032266210153944675e-04
-3.805030817743927304e-23
1.533882968881102222e-04
-1.967035496651099811e-21
2.457576905349836711e-04
-4.952330327354976689e-21
4.371053029270516852e-04
-4.358414647541902819e-21
9.104464319039089898e-04
-1.419193776957229582e-20
2.494610433594506189e-03
6.140327123103635036e-20
1.270395883908101084e-02
4.065509992636875719e-20
6.962457328474775942e-01
1.441987896788985834e-17
2.418479331779839647e+00
-9.714451399295670724e-16
2.547286722416950866e+00
7.259817713875713188e-16
2.566663532548445925e+00
6.307888206433440295e-16
2.521935494688106072e+00
-9.467253320512587965e-16
2.262574343145402178e+00
3.920475097066614661e-16
9.938638974138075399e-01
1.283695132340459609e-16
9.682278414505978148e-01
9.480263961649373282e-16
9.679447343969452833e-01
2.116362541430031149e-16
9.686736029321397767e-01
-1.179611947120616573e-16
9.694110767781359828e-01
-2.688821387764050996e-17
9.700489388553571457e-01
3.903127324639448431e-17
9.705846967622714372e-01
2.406928756743370839e-16
9.710318567062149464e-01
1.769417879321894232e-16
9.714045880133223010e-01
-2.402591898422592068e-16
9.717149422134393477e-01
3.773022733068942877e-17
9.719726706082864043e-01
8.673584292659533351e-19
9.721855717389068507e-01
-1.487525281388438577e-16
9.723598864861380253e-01
6.288371111490823122e-17
9.725006336575064969e-01
1.101549456876109258e-16
9.726118738765104910e-01
-1.344407716031820307e-17
9.726969121432149645e-01
-1.105886215935214523e-16
9.727584525002437310e-01
-1.953732248644429986e-16
9.727987164166383982e-01
4.336807035580792630e-17
9.728195339161191946e-01
-1.713041086888322112e-17
9.728224142073556013e-01
-1.641481758270808692e-16
9.728086008121792361e-01
-6.136583634523465054e-17
9.727791148791257170e-01
-2.584738111554340579e-16
9.727347894137763351e-01
-2.059986443828173573e-17
9.726762964624650065e-01
-2.688820395147315933e-17
9.726041687804843905e-01
-4.510282030156433509e-17
9.725188171480370070e-01
-1.114559965663996567e-16
9.724205442302957803e-01
-2.042636959137139358e-16
9.723095556876732992e-01
4.206705752732737289e-17
9.721859691141048199e-01
-1.752070048992085123e-16
9.720498213099325602e-01
-8.066463501547662947e-17
9.719010743889090476e-01
2.602058744185608945e-18
9.717396213023399287e-01
8.933828548258516706e-17
9.715652916035804054e-01
-3.521488722407367406e-16
9.713778588258924485e-01
1.578598230789996447e-16
9.711770520742059043e-01
-7.285828672935239160e-17
9.709625772761287799e-01
-2.775549620629010842e-17
9.707341606158434999e-01
3.903127820947815962e-17
9.704916460952962565e-01
2.203098549792748993e-16
9.702352396730431483e-01
-5.204051313922213647e-18
9.699662143371834411e-01
-1.994929350395367989e-17
9.696893786166664864e-01
1.682682301093094916e-16
9.694224944088106755e-01
-1.552577775697038366e-16
9.680203343855138254e-01
-1.483188571960170066e-16
9.683831127822658535e-01
5.030716609178461762e-17
9.681845211777792004e-01
-1.561253245961494521e-16
9.677943307768372971e-01
-1.257674255385389126e-16
9.673700823869827436e-01
-1.301040489400237185e-16
9.669141786260436744e-01
2.862277853493970688e-17
9.664254234946804134e-01
6.071569223610267206e-17
9.659015717083185848e-01
-8.760332377859194469e-17
9.653397108023891171e-01
-1.465844513573954198e-16
9.647363566466671259e-01
-1.595947715481030663e-16
9.640874678342071791e-01
7.112302724033865015e-17
9.633884425890962833e-01
2.428602278455689253e-17
9.626341448164276171e-01
3.989800467275612245e-17
9.618190317505693754e-01
-9.280918827241687458e-17
9.609375382818823308e-01
-5.117391902484218213e-17
9.599850908013398687e-01
-6.072802715339706281e-18
9.589607256825409820e-01
3.903170172595178677e-17
9.578741303935324192e-01
1.110189143307266368e-16
9.567664138913358762e-01
-7.813031905473666328e-18
9.557816607237692441e-01
1.031516723166286953e-16
9.554843168986714153e-01
-2.247009002476207939e-17
9.590703717063470135e-01
-4.166046847775550788e-17
1.017826767057922410e+00
3.209238430557093125e-17
2.373097649812219601e+00
-1.387778780781445676e-17
2.652097560036428714e+00
8.326672684688674053e-17
2.713266854370357084e+00
-2.775557561562891351e-17
2.741695247271412672e+00
2.498001805406602216e-16
2.756043652089463336e+00
3.053113317719180486e-16
2.760839982002558202e+00
1.110223024625156540e-16
2.755242236548169465e+00
5.551115123125782702e-17
2.728127356548384341e+00
-1.110223024625156540e-16
2.528297220218005403e+00
3.885780586188047891e-16
1.888070343961124387e+00
0.000000000000000000e+00
1.881986876939798048e+00
0.000000000000000000e+00
1.883997233354352652e+00
0.000000000000000000e+00
1.885930320477563704e+00
-5.551115123125782702e-17
1.887229973993391319e+00
0.000000000000000000e+00
1.887796040589053703e+00
1.665334536937734811e-16
1.887563173463915778e+00
-1.110223024625156540e-16
1.886420230361541162e+00
0.000000000000000000e+00
1.884109390904712633e+00
1.110223024625156540e-16
1.879609375615388656e+00
-3.330669073875469621e-16
1.859157104520325454e+00
-2.220446049250313081e-16
1.132889822429866689e+00
3.330669073875469621e-16
1.687632578916270276e+00
1.110223024625156540e-16
1.819078862047397882e+00
-4.440892098500626162e-16
1.807629513235542884e+00
-1.110223024625156540e-15
1.781538540662564341e+00
-4.440892098500626162e-16
1.742423007767440302e+00
-1.110223024625156540e-15
1.648838985024291937e+00
-4.440892098500626162e-16
1.058670968637356324e+00
-3.261280134836397337e-16
2.452667477493323922e+00
-4.302114220422481594e-16
2.744627616530818326e+00
-7.979727989493312634e-16
2.801382268200323988e+00
2.567390744445674500e-15
2.828322107907779603e+00
2.137179322403426340e-15
2.844732994593737185e+00
-2.636779683484746784e-16
2.855983923600615704e+00
-3.885780586188047891e-16
2.864245161709888077e+00
2.123301534595611884e-15
2.870585679066406382e+00
-1.609823385706476984e-15
2.875600793464307969e+00
3.469446951953614189e-15
2.879651732104503647e+00
2.692290834716004611e-15
2.882971767717048550e+00
-5.190292640122606826e-15
2.885718799916584310e+00
1.554312234475219157e-15
2.888003648653485911e+00
1.720845688168992638e-15
2.889906289005514495e+00
-1.082467449009527627e-15
2.891485656037232843e+00
-3.885780586188047891e-16
2.892785817174723828e+00
7.771561172376095783e-16
2.893839995879183391e+00
-3.302913498259840708e-15
2.894673294611779468e+00
-1.443289932012703503e-15
2.895304730700436480e+00
1.054711873393898713e-15
2.895749985396457227e+00
1.998401444325281773e-15
2.896039678002511497e+00
7.216449660063517513e-16
2.896089948850359086e+00
-1.054711873393898713e-15
2.895995315009317395e+00
1.665334536937734811e-15
2.895729242965175310e+00
1.665334536937734811e-16
2.895280727853348779e+00
2.775557561562891351e-16
2.894638817848977919e+00
-1.887379141862766119e-15
2.893787673167756758e+00
1.332267629550187849e-15
2.892705121956069991e+00
-3.885780586188047891e-16
2.891360933109945464e+00
-1.110223024625156540e-16
2.889714574117194346e+00
6.106226635438360972e-16
2.887712871379038759e+00
1.276756478318930021e-15
2.885290443193067045e+00
-1.110223024625156540e-16
2.882389128108459708e+00
3.885780586188047891e-16
2.879107387762839476e+00
1.332267629550187849e-15
2.877259851290721038e+00
-2.886579864025407005e-15
2.954810788521553100e+00
2.886579864025407005e-15
3.626368704544489674e+00
0.000000000000000000e+00
3.691201854689185602e+00
1.665334536937734811e-15
3.694688029713925737e+00
-3.885780586188047891e-16
3.639814180876628225e+00
-6.661338147750939243e-16
2.498847538600828866e+00
-4.163336342344337027e-17
1.916364096098197134e+00
1.061650767297805942e-15
1.902324090271376500e+00
-1.942890293094023946e-16
1.902437592462442595e+00
-1.804112415015879378e-16
1.904347207854979462e+00
-4.302114220422481594e-16
1.906414869406772850e+00
-5.689893001203927270e-16
1.908093700593290309e+00
1.387778780781445676e-17
1.909837994981042897e+00
-6.938893903907228378e-17
1.911391032303210613e+00
-1.804112415015879378e-16
1.912667895024463105e+00
-5.551115123125782702e-17
1.913927471451397411e+00
0.000000000000000000e+00
1.915560567582741180e+00
1.942890293094023946e-16
1.919152108662547596e+00
3.136380044566067227e-15
1.938379024117668603e+00
-3.053113317719180486e-16
3.003031775224008104e+00
-6.106226635438360972e-15
3.740083947304262413e+00
-3.108624468950438313e-15
3.768814376431169233e+00
-3.996802888650563546e-15
3.768920389954030448e+00
-1.776356839400250465e-15
3.759953094925390094e+00
6.217248937900876626e-15
3.744743175782652589e+00
-7.993605777301127091e-15
3.723028791886028532e+00
1.021405182655144017e-14
3.693002592077569091e+00
-2.220446049250313081e-15
3.651165364321939943e+00
-1.776356839400250465e-15
3.590975546811392860e+00
-4.440892098500626162e-15
3.496996184447695999e+00
2.042810365310288034e-14
3.301870265216528377e+00
-3.375077994860475883e-14
1.773233548015524574e+00
5.995204332975845318e-15
2.468251480164256606e-01
-1.873501354054951662e-16
8.974930177356279515e-01
1.665334536937734811e-16
9.424926756689455676e-01
2.775557561562891351e-17
9.464722347936904701e-01
1.526556658859590243e-16
9.479658798929524455e-01
-4.857225732735059864e-16
9.487728363112061247e-01
-1.119937476090626660e-14
9.492651576972827021e-01
4.163336342344337027e-17
9.495754404416106853e-01
0.000000000000000000e+00
9.497652440897129678e-01
8.326672684688674053e-17
9.498677598575754333e-01
-1.387778780781445676e-16
9.499026429810484284e-01
-2.220446049250313081e-16
9.498822728966646034e-01
9.714451465470119729e-17
9.498147592167716091e-01
1.249000902703301108e-16
9.497055230015651883e-01
-2.081668171172168513e-16
9.495581868250422275e-01
-6.938893903907228378e-17
9.493751028084753685e-01
-8.326672684688674053e-17
9.491576801155591214e-01
1.942890293094023946e-16
9.489065978258763856e-01
1.526556658859590243e-16
9.486219536438883493e-01
-1.387778780781445676e-17
9.483033835510682463e-01
9.714451465470119729e-17
9.479501854482669243e-01
-2.775557561562891351e-17
9.475614923186645999e-01
-2.775557561562891351e-17
9.471365792154209373e-01
1.110223024625156540e-16
9.466754898254348127e-01
2.636779683484746784e-16
9.461804431107463387e-01
-1.249000902703301108e-16
9.456592982405628289e-01
-1.110223024625156540e-16
9.451351389338590314e-01
4.163336342344337027e-17
9.446774061130432942e-01
-1.387778780781445676e-16
9.445302698178263956e-01
-2.775557561562891351e-17
9.458973498084913833e-01
2.775557561562891351e-17
9.618868897719178301e-01
4.163336342344337027e-17
2.086486326297729565e+00
-4.263256414560601115e-14
2.660835121849131735e+00
4.063416270128072938e-14
2.731348317951553195e+00
-3.552713678800500929e-15
2.759528640395553900e+00
-6.883382752675970551e-15
2.773528114657735077e+00
-3.663735981263016583e-15
2.780240992649928522e+00
4.440892098500626162e-15
2.782434095776856964e+00
5.107025913275720086e-15
2.780884277732483589e+00
-1.110223024625156540e-15
2.775906636220865753e+00
7.049916206369744032e-15
2.767176041504847195e+00
2.386979502944086562e-15
2.753683560246496853e+00
4.551914400963141816e-15
2.733220437676272319e+00
-1.110223024625156540e-16
2.700748375785370303e+00
-1.165734175856414367e-15
2.641926340408980778e+00
-3.885780586188047891e-16
2.482289751536129518e+00
8.049116928532384918e-16
1.037976203824230614e+00
1.795438797635995343e-16
9.825201970990082856e-02
4.499439015814843401e-18
9.753997972303944317e-03
-1.700842158086635081e-18
3.134517791438886942e-03
-9.147955830346443662e-20
1.443621848916887490e-03
-2.371692252312040949e-20
7.942975005693812081e-04
-4.616329562535936848e-20
4.866182092622487192e-04
6.988021814847977797e-21
3.205208572287089434e-04
-1.344664803766201788e-20
2.224645337783234247e-04
-2.646977960169688560e-22
1.606617866887171656e-04
3.599890025830776441e-21
1.197088229931569405e-04
-7.146840492458159111e-22
9.147519349176694834e-05
1.138200522872966081e-21
7.137427226691247758e-05
6.352747104407252543e-22
5.667677768931384338e-05
7.279189390466643539e-22
4.568590133631449118e-05
-5.955700410381799259e-22
3.730734369121139614e-05
3.705769144237563983e-22
3.081305301591224193e-05
-2.316105715148477490e-22
2.570549404137730879e-05
7.940933880509065679e-23
2.163664412457283657e-05
-1.654361225106055350e-22
1.835802985342341315e-05
1.985233470127266420e-23
1.568900756979319625e-05
0.000000000000000000e+00
1.349610690213907698e-05
-2.249931266144235276e-22
1.167927077170590719e-05
-5.624828165360588189e-23
1.016250169072816087e-05
3.970466940254532839e-23
8.887386192364923518e-06
-3.805030817743927304e-23
7.808537053925252539e-06
3.308722450212110699e-23
6.890336713067859619e-06
-3.805030817743927304e-23
6.104578182937559398e-06
-2.977850205190899630e-23
5.428734418664006411e-06
8.271806125530276749e-24
4.844673876984788524e-06
7.775497757998460144e-23
4.337696938008697864e-06
4.301339185275743909e-23
3.895805803204363657e-06
2.150669592637871955e-23
3.509146154633107495e-06
-1.406207041340147047e-23
3.169576468280351689e-06
5.790264287871193724e-23
2.870333107190282771e-06
-2.067951531382569187e-23
2.605767920685565377e-06
-3.556876633978019002e-23
2.371141190533847774e-06
4.384057246531046677e-23
2.162457157665562027e-06
5.211237859084074352e-23
1.976332549862213734e-06
1.116693826946587361e-23
1.809890864163460339e-06
3.763671787116275921e-23
1.660676881046664666e-06
-2.564259898914385792e-23
1.526587170652951406e-06
-4.135903062765138374e-25
1.405813314282498793e-06
-1.261450434143367204e-23
1.296795292306188739e-06
-1.261450434143367204e-23
1.198183043734198868e-06
1.220091403515715820e-23
1.108804627255421546e-06
-1.447566071967798431e-24
1.027639740928998280e-06
-2.895132143935596862e-24
9.537976116454520169e-07
-2.812414082680294095e-23
8.864984635709839968e-07
-1.282129949457192896e-23
8.250579301658575341e-07
1.871496135901225114e-23
7.688738968764241698e-07
-5.790264287871193724e-24
7.174153586686207272e-07
5.790264287871193724e-24
6.702129538528049828e-07
4.135903062765138374e-24
6.268508974563264566e-07
4.549493369041652212e-24
5.869600870489112898e-07
4.342698215903395293e-24
5.502121939736608945e-07
7.341227936408120614e-24
5.163145853728464381e-07
3.205324873642982240e-24
4.850059487682134531e-07
2.998529720504725321e-24
4.560525124777778980e-07
-2.636638202512775714e-24
4.292447727768997277e-07
-3.618915179919496078e-25
4.043946531985355505e-07
5.169878828456422968e-26
3.813330333120489806e-07
5.014782463602730279e-24
3.599075942035303759e-07
3.618915179919496078e-25
3.399809360797554691e-07
9.305781891221561342e-25
3.214289302447040300e-07
1.189072130544977283e-24
3.041392733945296088e-07
-2.326445472805390336e-24
2.880102169471160695e-07
1.628511830963773235e-24
2.729494481255673157e-07
4.911384887033601820e-25
2.588731028846297925e-07
5.428372769879244116e-25
2.457048936119637263e-07
1.628511830963773235e-24
2.333753369408149114e-07
6.203854594147707562e-25
2.218210690498132106e-07
-4.394397004187959523e-25
2.109842375580403583e-07
-1.809457589959748039e-24
2.008119605998344539e-07
-3.101927297073853781e-25
1.912558449233703014e-07
1.938704560671158613e-25
1.822715559353681138e-07
1.189072130544977283e-24
1.738184335377864435e-07
-1.124448645189271996e-24
1.658591483965329261e-07
-8.918040979087329620e-25
1.583593939650044585e-07
-8.530300066953097897e-25
1.512876101745393305e-07
2.132575016738274474e-25
1.446147352127752519e-07
-7.237830359838992155e-25
1.383139822512518539e-07
-8.724170523020213758e-25
1.323606383656741159e-07
3.909720864020169870e-25
1.267318832238390693e-07
1.124448645189271996e-24
1.214066254048155870e-07
-1.147066865063768846e-24
1.163653544644448513e-07
-4.976008372389307107e-25
1.115900070816936883e-07
8.651469101995045310e-25
1.070638458122863904e-07
-1.676979444980552200e-24
1.027713491439573883e-07
7.972670070270469072e-25
9.869811169496945707e-08
-2.092185338390958670e-25
9.483075352692610846e-08
-1.365171128139274190e-25
9.115683765653268764e-08
-1.938704560671158613e-26
8.766479495112068860e-08
-6.042295880758444344e-25
8.434385568112066733e-08
1.777145847281895395e-25
8.118398708050688181e-08
1.405560806486589994e-25
7.817583633521774774e-08
3.909720864020169870e-25
7.531067848059956096e-08
1.599431262553705856e-25
7.258036874286783006e-08
-7.787129985362487095e-25
6.997729890770472702e-08
2.358757215483242979e-25
6.749435734163817280e-08
-4.426708746865812166e-25
6.512489232977229447e-08
3.069615554396001137e-25
6.286267842726543657e-08
8.401053096241687323e-26
6.070188555195308818e-08
-3.231174267785264355e-26
5.863705057247584684e-08
-7.431700815906108016e-26
5.666305117018040924e-08
3.425044723852380216e-25
5.477508177458927833e-08
-2.391068958161095623e-25
5.296863139143446634e-08
7.754818242684634452e-26
5.123946315944036517e-08
-1.550963648536926890e-25
4.958359548755427121e-08
-1.550963648536926890e-25
4.799728463812886815e-08
-2.261821987449685048e-25
4.647700863408030376e-08
3.877409121342317226e-26
4.501945237925364148e-08
1.809457589959748039e-25
4.362149389130625327e-08
-1.227846221758400455e-25
4.228019155555790868e-08
1.260157964436253098e-25
4.099277231646545402e-08
-3.618915179919496078e-25
3.975662073078344686e-08
3.554291694563790790e-25
3.856926881318501987e-08
-2.294133730127537692e-25
3.742838661118341921e-08
-1.518651905859074247e-25
3.633177345168986921e-08
-5.686866711302065265e-25
3.527734980649771002e-08
-4.846761401677896532e-26
3.426314972850359527e-08
-2.778809870295327345e-25
3.328731381456987625e-08
-1.615587133892632177e-25
3.234808265465442645e-08
-3.295797753140969642e-25
3.144379073017974220e-08
-8.724170523020213758e-26
3.057286072773227440e-08
2.455692443516800910e-25
2.973379823693528720e-08
3.231174267785264355e-27
2.892518680391241798e-08
-2.132575016738274474e-25
2.814568331406692696e-08
9.370405376577266629e-26
2.739401368002422321e-08
3.554291694563790790e-26
2.666896881252096553e-08
-8.077935669463160887e-26
2.596940085377181657e-08
-1.066287508369137237e-25
2.529421965448422162e-08
-2.908056841006737919e-26
2.464238947715208032e-08
7.431700815906108016e-26
2.401292590960231545e-08
-1.906392817993305969e-25
2.340489297402891016e-08
-6.785465962349055145e-26
2.281740041785794965e-08
2.681874642261769415e-25
2.224960117384124294e-08
-5.169878828456422968e-26
2.170068897772945607e-08
1.938704560671158613e-25
2.116989613273844407e-08
4.200526548120843661e-26
2.065649141084465310e-08
-3.231174267785264355e-27
2.015977808167633173e-08
1.098599251046989881e-25
1.967909206043847417e-08
-1.938704560671158613e-26
1.921380016695524133e-08
5.492996255234949403e-26
1.876329848847152907e-08
-7.754818242684634452e-26
1.832701083939532642e-08
1.357093192469811029e-25
1.790438731165166818e-08
-7.431700815906108016e-26
1.749490290976740423e-08
-4.523643974899370097e-26
1.709805626522165608e-08
0.000000000000000000e+00
1.671336842498810438e-08
-1.583275391214779534e-25
1.634038170954384148e-08
-7.431700815906108016e-26
1.597865863594599780e-08
-6.462348535570528710e-27
1.562778090189317557e-08
-4.523643974899370097e-26
1.528734842695518082e-08
-4.846761401677896532e-26
1.495697844742050023e-08
7.754818242684634452e-26
1.463630466145598810e-08
-9.693522803355793065e-26
1.432497642149083886e-08
-1.130910993724842524e-25
1.402265797094230751e-08
-7.431700815906108016e-26
1.372902772259997784e-08
-6.462348535570528710e-26
1.344377757615507597e-08
6.462348535570528710e-27
1.316661227253272847e-08
1.615587133892632177e-26
1.289724878283445663e-08
6.462348535570528710e-27
1.263541572984197210e-08
7.431700815906108016e-26
1.238085284016851214e-08
-6.462348535570528710e-26
1.213331042526154653e-08
3.231174267785264355e-27
1.189254888957921618e-08
-1.292469707114105742e-26
1.165833826437323792e-08
1.292469707114105742e-26
1.143045776559783705e-08
9.693522803355793065e-27
1.120869537457273945e-08
-6.139231108792002274e-26
1.099284744010136758e-08
-6.139231108792002274e-26
1.078271830083434652e-08
1.357093192469811029e-25
1.057811992673841874e-08
-5.331437541845686186e-26
1.037887157860282139e-08
9.693522803355793065e-27
1.018479948458017431e-08
-3.392732981174527573e-26
9.995736532820577227e-09
5.331437541845686186e-26
9.811521979313763290e-09
-3.069615554396001137e-26
9.632001170105484421e-09
-8.077935669463160887e-27
9.457025277109445504e-09
-3.231174267785264355e-27
9.286451046776872798e-09
-2.423380700838948266e-26
9.120140560932388800e-09
1.130910993724842524e-26
8.957961009125045263e-09
-1.211690350419474133e-25
8.799784471880188815e-09
8.077935669463160887e-27
8.645487714278337388e-09
-3.877409121342317226e-26
8.494951989311450606e-09
-6.139231108792002274e-26
8.348062850509261081e-09
-5.654554968624212621e-26
8.204709973349021410e-09
1.938704560671158613e-26
8.064786984994878856e-09
-5.816113682013475839e-26
7.928191301935253252e-09
1.292469707114105742e-26
7.794823975116256305e-09
9.693522803355793065e-27
7.664589542182774455e-09
-4.362085261510106879e-26
7.537395886470784844e-09
3.554291694563790790e-26
7.413154102408994221e-09
-8.401053096241687323e-26
7.291778367003289455e-09
-4.038967834731580444e-26
7.173185817105211251e-09
-2.423380700838948266e-26
7.057296432172297512e-09
8.724170523020213758e-26
6.944032922249677568e-09
4.523643974899370097e-26
6.833320620915286934e-09
3.069615554396001137e-26
6.725087382945368373e-09
-1.454028420503368960e-26
6.619263486468981226e-09
4.200526548120843661e-26
6.515781539394288981e-09
2.908056841006737919e-26
6.414576389899185541e-09
-8.077935669463160887e-27
6.315585040791603921e-09
2.746498127617474702e-26
6.218746567553604320e-09
6.462348535570528710e-27
6.124002039893324241e-09
-4.038967834731580444e-26
6.031294446639280083e-09
-1.615587133892632177e-26
5.940568623818730113e-09
-7.431700815906108016e-26
5.851771185770284806e-09
-5.654554968624212621e-26
5.764850459149411813e-09
-2.261821987449685048e-26
5.679756419691524513e-09
-1.938704560671158613e-26
5.596440631605428814e-09
-2.261821987449685048e-26
5.514856189476194396e-09
4.846761401677896532e-26
5.434957662560239734e-09
2.423380700838948266e-26
5.356701041366653333e-09
-8.077935669463160887e-27
5.280043686417851339e-09
-2.261821987449685048e-26
5.204944279091711080e-09
1.938704560671158613e-26
5.131362774452906885e-09
-4.846761401677896532e-27
5.059260355981756878e-09
2.261821987449685048e-26
4.988599392117559922e-09
3.231174267785264355e-26
4.919343394535749451e-09
-1.292469707114105742e-26
4.851456978080226609e-09
-9.693522803355793065e-27
4.784905822281108286e-09
1.615587133892632177e-27
4.719656634385115517e-09
3.554291694563790790e-26
4.655677113835024329e-09
-4.846761401677896532e-27
4.592935918133559680e-09
3.877409121342317226e-26
4.531402630032660210e-09
6.462348535570528710e-27
4.471047725990974659e-09
2.423380700838948266e-26
4.411842545844427744e-09
-2.584939414228211484e-26
4.353759263638954953e-09
-4.685202688288633315e-26
4.296770859575559510e-09
-4.038967834731580444e-27
4.240851093020351146e-09
-1.857925203976527004e-26
4.185974476535242203e-09
2.423380700838948266e-27
4.132116250885578778e-09
5.654554968624212621e-27
4.079252360985248747e-09
1.292469707114105742e-26
4.027359432738185564e-09
-1.373249063808737351e-26
3.976414750741193727e-09
-1.050131637030210915e-26
3.926396236811675143e-09
1.292469707114105742e-26
3.877282429305394875e-09
1.130910993724842524e-26
3.829052463193763293e-09
1.534807777198000569e-26
3.781686050868320005e-09
-4.038967834731580444e-27
3.735163463643358222e-09
-2.423380700838948266e-26
3.689465513928739954e-09
1.292469707114105742e-26
3.644573538045088914e-09
-1.615587133892632177e-27
3.600469379656568057e-09
-1.777145847281895395e-26
3.557135373795861350e-09
5.654554968624212621e-27
3.514554331458374926e-09
1.777145847281895395e-26
3.472709524742441960e-09
1.130910993724842524e-26
3.431584672514878636e-09
-4.038967834731580444e-27
3.391163926580035441e-09
8.077935669463160887e-28
3.351431858334246316e-09
-1.454028420503368960e-26
3.312373445885071417e-09
-3.231174267785264355e-27
3.273974061618522290e-09
-1.615587133892632177e-27
3.236219460196302255e-09
2.423380700838948266e-27
3.199095766966983695e-09
-8.077935669463160887e-27
3.162589466774661338e-09
1.211690350419474133e-26
3.126687393150220417e-09
-4.846761401677896532e-27
3.091376717871140677e-09
1.534807777198000569e-26
3.056644940874553232e-09
-1.292469707114105742e-26
3.022479880511904003e-09
-3.231174267785264355e-27
2.988869664130665742e-09
-8.077935669463160887e-28
2.955802718972468578e-09
4.038967834731580444e-27
2.923267763374324415e-09
-9.693522803355793065e-27
2.891253798263145593e-09
1.130910993724842524e-26
2.859750098931217927e-09
-1.130910993724842524e-26
2.828746207083587445e-09
8.077935669463160887e-28
2.798231923146452812e-09
8.885729236409476976e-27
2.768197298827486766e-09
2.019483917365790222e-26
2.738632629918676166e-09
-1.130910993724842524e-26
2.709528449333005572e-09
4.846761401677896532e-27
