-5.294375380104564499e+01
-9.568738944458912710e-02
-5.333242680959092752e+01
-9.848971349093314787e-02
-5.373266549100969769e+01
-1.014678665743422026e-01
-5.414520803792980530e+01
-1.046393855381388405e-01
-5.457086757903383045e+01
-1.080242473257437136e-01
-5.501054279829340032e+01
-1.116453116001684953e-01
-5.546523051752473066e+01
-1.155288638091220288e-01
-5.593604069675375001e+01
-1.197052864355135082e-01
-5.642421443502752254e+01
-1.242098953137271700e-01
-5.693114572560609332e+01
-1.290839905739938065e-01
-5.745840795101902643e+01
-1.343761895957771846e-01
-5.800778642026386933e+01
-1.401441347299804407e-01
-5.858131868953486787e+01
-1.464567052334890818e-01
-5.918134502522813989e+01
-1.533969167396705691e-01
-5.981057224945789841e+01
-1.610657721197946701e-01
-6.047215548842764576e+01
-1.695874502768123238e-01
-6.116980423790705856e+01
-1.791164102855357654e-01
-6.190792202019188295e+01
-1.898472922070449931e-01
-6.269179332574635310e+01
-2.020289924026588690e-01
-6.352783853535289893e+01
-2.159851258755407510e-01
-6.442396893683728365e+01
-2.321445373380667532e-01
-6.539009317832991997e+01
-2.510881318704850096e-01
-6.643886617172546494e+01
-2.736243059870413497e-01
-6.758679678503941091e+01
-3.009084602090779659e-01
-6.885604387722264619e+01
-3.346592925722394196e-01
-7.027732530365511820e+01
-3.775440888650559712e-01
-7.189501610461738323e+01
-4.339368720960721237e-01
-7.377667437057542088e+01
-5.115296724723022992e-01
-7.603252053711470637e+01
-6.251541548115201463e-01
-7.886032614522385131e+01
-8.072808780642397597e-01
-8.266781736714355588e+01
-1.143645998353231441e+00
-8.850483526446180349e+01
-1.942857377525280871e+00
-1.004566413130224021e+02
-5.320274118353178316e+00
-9.846130586940320484e+01
-5.380977402474007931e+01
-7.265598076255849946e+01
-3.099119660990646707e+01
-7.305187266495111942e+01
-2.321828947674373822e+01
-7.560455857719212247e+01
-1.960670772654899707e+01
-7.988583795916365204e+01
-1.774957018468271741e+01
-8.778953865658277778e+01
-1.769910891370525974e+01
-1.102829764432534887e+02
-3.205560608580709214e+01
-6.814462502538520994e+01
-5.076380909881006431e+01
-6.519744498796916332e+01
-3.747313566177250266e+01
-6.652582451872696367e+01
-3.189546742358819031e+01
-6.929868274675746420e+01
-2.875844026489767202e+01
-7.409157156809069988e+01
-2.709498288137585575e+01
-8.448532104330809034e+01
-2.826328524492764416e+01
-9.019815652517618787e+01
-7.518179975595023734e+01
-5.510324515685719149e+01
-5.299147945261125869e+01
-5.343152619639784007e+01
-4.344685145826522898e+01
-5.344734208048710400e+01
-3.853133841075625554e+01
-5.386991021642185729e+01
-3.531940810777423678e+01
-5.447975991006484264e+01
-3.296864590197277778e+01
-5.521944186070227545e+01
-3.113338524007637886e+01
-5.607676021898592467e+01
-2.964116233575871462e+01
-5.705945113027500071e+01
-2.839492349122331305e+01
-5.818970366191128107e+01
-2.733595888171799260e+01
-5.950614128929328217e+01
-2.642802333796554493e+01
-6.107229971523304357e+01
-2.565061014646264681e+01
-6.299626059256001298e+01
-2.499855598371722465e+01
-6.547780610608347729e+01
-2.449064872294857764e+01
-6.893989142712482021e+01
-2.420711397089542061e+01
-7.450382947154534463e+01
-2.447925286261956046e+01
-8.671682559283644309e+01
-2.777973400798535408e+01
-7.738151758639068589e+01
-7.565368079270159285e+01
-5.538016746060414874e+01
-5.177731140596641524e+01
-5.469738859618547622e+01
-4.372027736833372558e+01
-5.555201211694738106e+01
-3.958205078166049162e+01
-5.706390451758526439e+01
-3.695325274305190533e+01
-5.926035486539957731e+01
-3.514326775150106386e+01
-6.256212090321113095e+01
-3.395843681431173877e+01
-6.828592975800042097e+01
-3.368147342911857578e+01
-8.237713396582614678e+01
-3.796749669507057945e+01
-5.911406826302663831e+01
-8.043005211125895926e+01
-4.538098608941476186e+01
-5.844612789001738662e+01
-4.417731366290065864e+01
-5.073429949566136088e+01
-4.403102047031630661e+01
-4.646061916806006309e+01
-4.416737513026033923e+01
-4.357316359562074126e+01
-4.442304390004446191e+01
-4.141327461924823439e+01
-4.474567420200106938e+01
-3.969606720615482232e+01
-4.511465524588204801e+01
-3.827491864057580528e+01
-4.552118855359943694e+01
-3.706520809209182943e+01
-4.596179270910016612e+01
-3.601396526756101935e+01
-4.643581885916379548e+01
-3.508596731278650793e+01
-4.694441734221928897e+01
-3.425668286073403834e+01
-4.749012019588791844e+01
-3.350840110182059561e+01
-4.807673467787931543e+01
-3.282797625304356615e+01
-4.870943558565182485e+01
-3.220545198873850268e+01
-4.939502926769517188e+01
-3.163319678868653995e+01
-5.014241473982795583e+01
-3.110535781877207739e+01
-5.096332002970781616e+01
-3.061753209474589354e+01
-5.187346672077489984e+01
-3.016661338875900356e+01
-5.289445641605086479e+01
-2.975082057312762274e+01
-5.405695040607843538e+01
-2.936998368927453384e+01
-5.540633133666786136e+01
-2.902630221310473857e+01
-5.701352431741307214e+01
-2.872615343794884524e+01
-5.899767937803088103e+01
-2.848463658670544874e+01
-6.158002075661740093e+01
-2.833860601614056662e+01
-6.523653218487888239e+01
-2.839311647587036092e+01
-7.126949616458320236e+01
-2.906017964915743690e+01
-8.530914913334954974e+01
-3.373698793780474858e+01
-6.529330758231230902e+01
-7.886511138094384421e+01
-5.024286252883445059e+01
-5.644569988530354010e+01
-4.972699183405288181e+01
-4.900102027105366176e+01
-5.054713787181430007e+01
-4.510828922513213968e+01
-5.197793358506381622e+01
-4.263084402518317262e+01
-5.404601654153039192e+01
-4.092708699028177932e+01
-5.711720012030521332e+01
-3.980133272963431068e+01
-6.227754585725788417e+01
-3.944011504769513721e+01
-7.389861548516280720e+01
-4.204691474554017105e+01
-7.020296635745211233e+01
-9.360211355071128025e+01
-4.041566041564617962e+01
-6.804942824158115400e+01
-3.850888544706585748e+01
-5.881076986979110188e+01
-3.814094778220186299e+01
-5.402992458795294795e+01
-3.812686322620058377e+01
-5.090840516952209072e+01
-3.824661384621018811e+01
-4.862134105519674421e+01
-3.843299432091515655e+01
-4.682805600578319627e+01
-3.865952919351367711e+01
-4.535832192836885213e+01
-3.891410082357972300e+01
-4.411593018749626083e+01
-3.919066283076145396e+01
-4.304160011921287321e+01
-3.948610108950606445e+01
-4.209638504641697665e+01
-3.979887982101574551e+01
-4.125340647179289988e+01
-4.012839887850319798e+01
-4.049337204122255685e+01
-4.047467349977820561e+01
-3.980199235400755242e+01
-4.083816481482956107e+01
-3.916840236529925789e+01
-4.121969370697449619e+01
-3.858415967363108479e+01
-4.162040912345307220e+01
-3.804258549328464767e+01
-4.204177837418147590e+01
-3.753831506368199200e+01
-4.248561169316750608e+01
-3.706698590907173951e+01
-4.295409968557868297e+01
-3.662501612361141667e+01
-4.344988127726239924e+01
-3.620944223864408684e+01
-4.397613490798020308e+01
-3.581780613746967390e+01
-4.453670367057331703e+01
-3.544807125590739361e+01
-4.513627273535061590e+01
-3.509856423075372334e+01
-4.578061016039612952e+01
-3.476793930762082141e+01
-4.647690847744337361e+01
-3.445516649204120085e+01
-4.723427518162529282e+01
-3.415954165705382195e+01
-4.806445618424289989e+01
-3.388073231517850559e+01
-4.898293627404588335e+01
-3.361887599451092967e+01
-5.001067597221919669e+01
-3.337477057544783321e+01
-5.117697714006749266e+01
-3.315023936978535346e+01
-5.252447352367630629e+01
-3.294885786405878036e+01
-5.411842605710864973e+01
-3.277750247041140597e+01
-5.606558740808766572e+01
-3.264999216548194028e+01
-5.855709659988037430e+01
-3.259690941703966161e+01
-6.198279360193495791e+01
-3.269787732188750340e+01
-6.731856695198882790e+01
-3.322649448706455644e+01
-7.810810365215260731e+01
-3.583269703708427301e+01
-9.481927862379467342e+01
-8.280334845244178155e+01
-4.891075369010056306e+01
-6.669183960164831149e+01
-4.737855791143448414e+01
-5.661567864221066770e+01
-4.819074669411013190e+01
-5.192182286749942932e+01
-4.986141927152919351e+01
-4.912144425658236457e+01
-5.242520633196083679e+01
-4.731388312507868932e+01
-5.652298002870155358e+01
-4.630336194936606375e+01
-6.440311068052258747e+01
-4.678233518961690152e+01
-8.815797590674051776e+01
-6.213686106446962754e+01
-4.014399486532487060e+01
-8.522330564398536978e+01
-3.477533560811517077e+01
-6.989915365310532991e+01
-3.376341069986423804e+01
-6.356901953911305725e+01
-3.468712964668308985e+01
-5.888769793576754807e+01
-3.377892358703620346e+01
-5.695405026506433899e+01
-3.378868420241251869e+01
-5.500029480618508870e+01
-3.375815163276369901e+01
-5.390662452408246708e+01
-3.028946987968343407e+01
-4.861991862977798462e+01
-3.915433297463448525e+01
-4.995229174221463353e+01
-3.479187317730662699e+01
-5.058845606400151240e+01
-3.393076073741335108e+01
-4.933318126556101646e+01
-3.179048920768615716e+01
-4.582060001103655367e+01
-3.521394968252664626e+01
-4.398413984353025086e+01
-3.828900770357850547e+01
-4.388833855575569487e+01
-3.691096683041247672e+01
-4.762094126572752373e+01
-3.633362327469249919e+01
-4.608935343866492929e+01
-3.660279665926476156e+01
-4.464908992741224836e+01
-3.568850690608390863e+01
-4.640667228839986080e+01
-3.583090252632140960e+01
-3.920711127172822330e+01
-4.158432610158138942e+01
-4.621009538934288230e+01
-3.589055220203631080e+01
-4.400009990236509339e+01
-2.890967546910786368e+01
-4.461312153398876745e+01
-3.597185659458588702e+01
-3.599998933570847726e+01
-4.086688740286308530e+01
-3.542962791642424492e+01
-4.791127804295683035e+01
-3.791241332014018894e+01
-4.128957367793512390e+01
-4.427059464854578152e+01
-4.083688410049217765e+01
-4.217598395987395321e+01
-4.120054217003097108e+01
-4.145856275652866429e+01
-4.155916924227378217e+01
-4.120838430118739382e+01
-4.223178219586641546e+01
-4.129725505363001048e+01
-4.074417294339322382e+01
-4.006369225253328636e+01
-3.900392753988691652e+01
-3.841690730328966197e+01
-4.299440768194788376e+01
-3.662522210339971451e+01
-4.618025033135094759e+01
-3.476905548163521331e+01
-4.885154434623841269e+01
-3.798309990491564747e+01
-4.385492534168819390e+01
-3.814528386037081020e+01
-5.288510274787880405e+01
-3.887085025184195786e+01
-5.195508593581928380e+01
-4.022522077520574157e+01
-4.092124672559938148e+01
-3.839599242351977892e+01
-5.014981648623489718e+01
-3.202219991148693623e+01
-5.690909040801498975e+01
-3.186259048862458698e+01
-6.709149102037304147e+01
-3.761628671674208135e+01
-6.120126187331593570e+01
-4.112710584133036917e+01
-6.565339340686541902e+01
-4.034145616812816115e+01
-7.436046424178253744e+01
-4.227863289958493453e+01
-1.018891812948196929e+02
-6.408482325451204531e+01
-4.987820929199955344e+01
-8.050807442005246628e+01
-3.744435741976266740e+01
-6.383243739392783311e+01
-4.565797863586908534e+01
-5.388264573536596203e+01
-5.242185310265723786e+01
-5.054919228861474778e+01
-6.276021967991741946e+01
-5.049687605284377412e+01
-6.702819808928710188e+01
-6.075964957400658051e+01
-9.333493414694795831e+01
-8.543066813391783398e+01
-3.523708170691747910e+01
-9.389597071213383117e+01
-3.092495502752777270e+01
-7.935445321625368820e+01
-3.004422451250301052e+01
-7.288443941770269419e+01
-2.822953926291427607e+01
-6.901830169103621415e+01
-3.028959784720698423e+01
-6.690214565106340672e+01
-2.873884646303285706e+01
-6.605078390564665369e+01
-2.469802361217254116e+01
-5.778050319349055997e+01
-3.674984488239037717e+01
-6.236821754326840050e+01
-2.581408282818203759e+01
-6.585703951146936674e+01
-2.398457541073961607e+01
-4.837542437410333918e+01
-3.286086600751482933e+01
-4.636772408023589520e+01
-4.302389109232422015e+01
-5.402864505715379551e+01
-3.753816519864312795e+01
-5.805070925284164929e+01
-3.145491669667154611e+01
-5.774983522233334554e+01
-3.051505428348615467e+01
-5.747302054052076414e+01
-3.540473611353424133e+01
-5.316417358879155586e+01
-2.189762806045395394e+01
-5.320962559851195550e+01
-3.019760415590116409e+01
-4.519200430559725135e+01
-3.556979831754037491e+01
-4.455488189239888897e+01
-4.395681766237682808e+01
-4.922377605333897321e+01
-3.473952288247632225e+01
-5.351337776929595691e+01
-3.434914400253637012e+01
-5.145917038237446661e+01
-3.457850980000631580e+01
-5.059211018035496465e+01
-3.490537611440741728e+01
-5.006949441082900876e+01
-3.526041738776311973e+01
-4.973891056822382950e+01
-3.558481213221155315e+01
-4.964172696520324735e+01
-3.459309238317470658e+01
-5.013234636523633014e+01
-3.696963479478083059e+01
-5.112153757696756884e+01
-3.790623411836021717e+01
-4.877594048079854616e+01
-2.931027772759527039e+01
-4.383776649277278636e+01
-3.678788127763274929e+01
-4.065338971378294985e+01
-4.242074857270482369e+01
-4.086879016720656921e+01
-4.789411630847443746e+01
-5.226689068713629638e+01
-3.973001274616670742e+01
-4.563949095227950892e+01
-4.066267426666574636e+01
-4.938623644477362973e+01
-3.679799707902080286e+01
-4.986860909523844043e+01
-4.455229862993461154e+01
-3.644402471028263335e+01
-4.383741280297638809e+01
-5.161974699838108904e+01
-3.560713840454204160e+01
-4.206700886958351759e+01
-4.664958975156736187e+01
-3.856178402440378505e+01
-5.352834161223471909e+01
-5.054528923806754648e+01
-4.632868247347244051e+01
-4.911161334245503696e+01
-4.475625794921791822e+01
-4.319163026871902389e+01
-5.445401668342143608e+01
-4.961250109967596700e+01
-4.101391681816643597e+01
-4.860947540651447696e+01
-5.353928636481157355e+01
-3.923589412954259359e+01
-6.495552242534888876e+01
-3.999403609238184742e+01
-6.208786845163047019e+01
-4.656473017075191478e+01
-6.994398954861537732e+01
-4.428713319001241189e+01
-8.642509929138812197e+01
-4.811079951632112284e+01
-1.077994000519145601e+02
-1.043720519205480173e+02
-4.971054611957845282e+01
-8.948492234586372263e+01
-4.648348587461141079e+01
-7.511149202550706150e+01
-5.112669115364516870e+01
-6.780836346869006093e+01
-6.030207653720945871e+01
-7.470450309585613979e+01
-8.216578712143778773e+01
-7.495067996125241905e+01
-3.740157872334653177e+01
-1.088467892189106863e+02
-3.698223630443754928e+01
-9.785253492841154355e+01
-2.652335979468636395e+01
-8.882336889003714475e+01
-2.573784235041045676e+01
-8.261858722822746870e+01
-2.558301166411713368e+01
-7.873930220506289857e+01
-2.560489487851404888e+01
-7.594505453463520439e+01
-2.570525963519197887e+01
-7.379591811350687180e+01
-2.584714420885673647e+01
-7.208867089322089328e+01
-2.600861583437814417e+01
-7.072898213243011867e+01
-2.615475296812780215e+01
-6.971948256349449480e+01
-2.598210329489128867e+01
-6.939640450680221306e+01
-2.616907027168283406e+01
-6.459341254583577552e+01
-2.510616652384878478e+01
-6.625671678327714176e+01
-1.826584011696481724e+01
-5.937643769274596650e+01
-2.387212918637958126e+01
-6.155752295599962309e+01
-3.639882177504333072e+01
-5.160354062324209679e+01
-2.690793649482167638e+01
-6.534330000084335666e+01
-2.723668002624679474e+01
-6.911098149822504411e+01
-2.729122375748691454e+01
-5.494476764539442826e+01
-2.803026760492307190e+01
-6.808650585365575125e+01
-3.216512952667953584e+01
-5.577842292543790848e+01
-3.056791189678391518e+01
-6.533826773831802370e+01
-2.055226972157311138e+01
-6.212385280330008896e+01
-3.392475469627571272e+01
-5.202999794168327696e+01
-3.324500468440319878e+01
-6.395011662158784560e+01
-3.162797605673619472e+01
-6.139985443320179570e+01
-3.169996130165976211e+01
-6.111551374924229663e+01
-2.772027042362758920e+01
-6.024227337527358372e+01
-3.468972805040155549e+01
-5.408999570795819523e+01
-3.208537434598546412e+01
-6.399738753040681871e+01
-2.984575282152527365e+01
-5.141213922756291765e+01
-4.166755037343702384e+01
-5.357679163678870538e+01
-3.485629091865089890e+01
-5.730360445121089441e+01
-3.891444275504907324e+01
-5.599296415812232652e+01
-3.747692369973673010e+01
-6.003086796574648076e+01
-3.753052034671212311e+01
-5.878520185874369730e+01
-3.823591354911759765e+01
-5.849248062408381799e+01
-3.889941156073202677e+01
-5.873940998476406605e+01
-3.569473528062951573e+01
-5.682003860547663265e+01
-4.226255450497743738e+01
-5.424867795269758375e+01
-3.653390579962654527e+01
-6.216597657471463378e+01
-4.340390923503566967e+01
-4.933801826595173878e+01
-5.293188303137043249e+01
-6.038484747355293791e+01
-4.717456050162380166e+01
-5.879436399226874244e+01
-4.871542579498333225e+01
-5.799100808280806518e+01
-5.082573718852064815e+01
-5.778710007986738617e+01
-5.338912077171148240e+01
-5.778552212184900583e+01
-5.653901396240293309e+01
-5.791964937402581626e+01
-6.054974434862852206e+01
-5.821156454354513698e+01
-6.596051384512007587e+01
-5.877501300405785400e+01
-7.400912033785400013e+01
-5.999571585138341590e+01
-8.845030498216002002e+01
-6.384256767529127075e+01
-1.278851115062713006e+02
-9.459567429493341706e+01
-5.788645933814468947e+01
-1.199427120848297221e+02
-5.239110198361116488e+01
-9.515550117407288155e+01
-7.590385477387643220e+01
-9.468381908631742760e+01
-1.142417719979340944e+02
-1.468060795306424211e+02
-2.752080864330946497e+01
-1.263472687068690732e+02
-2.139869425311349715e+01
-1.287024277395470904e+02
-1.303128996082247326e+01
-1.164947421667781100e+02
-2.549047019459519348e+01
-8.592481418959624762e+01
-1.930855578344128887e+01
-1.082911224974872084e+02
-1.400903569498014534e+01
-1.049166712141629887e+02
-2.581785980289664195e+01
-1.000274201795730988e+02
-9.066416907891039045e+00
-9.385809155562571959e+01
-2.595784333788910914e+01
-9.842748570763082228e+01
-1.704258282347899467e+01
-9.783692460901099253e+01
-2.071794822528556423e+01
-8.359233879524569488e+01
-1.826073782884518693e+01
-9.595865959724183369e+01
-2.064538432687052349e+01
-9.429816752286677684e+01
-1.210938783868545165e+01
-9.207256143063212050e+01
-2.949638210026378715e+01
-8.496909012782089121e+01
-1.805577784548868436e+01
-9.685668357021071984e+01
-2.401110264626951363e+01
-8.338258367602560384e+01
-2.155389350730430920e+01
-9.534352528197163679e+01
-2.092738304369529345e+01
-9.512520366516646675e+01
-2.099502704903833816e+01
-9.675316065412134492e+01
-2.068595947209552222e+01
-1.003053139850861015e+02
-1.326013779449566599e+01
-1.061636756770132024e+02
6.474340695583780558e+00
-1.074318363883774623e+02
2.453565322611274802e+00
-8.118054721960159270e+01
-1.519065921457293200e+01
-9.167236656120716987e+01
-1.280661918451547088e+01
-9.138782588789996453e+01
-1.429071412356212534e+01
-9.439450702557611805e+01
-1.440208066452119162e+01
-1.015055128344264688e+02
4.793809437552583930e+00
-1.201786311135939656e+02
1.783354325147897868e+01
-1.044288113351295095e+02
1.921719713741153157e+01
-7.379068474058142613e+01
6.114310134972231747e-01
-6.892830881974170154e+01
-6.074928548940540241e-01
-5.874884493169952293e+01
-9.415279700724994427e+00
-7.081769091522221515e+01
-1.074054046019065112e+01
-6.852795675923650265e+01
-1.391437972740601126e+01
-6.818456385904268302e+01
-1.704597768257135115e+01
-6.826416391445711440e+01
-2.017183865948433308e+01
-6.855490607121492985e+01
-2.337911942411702881e+01
-6.903498781045664145e+01
-2.673034610154440927e+01
-6.978656302966518865e+01
-2.982384824355638386e+01
-7.134740783275222498e+01
-3.506622096791558363e+01
-6.769898720619005417e+01
-3.845958063644199143e+01
-6.735778046715427081e+01
-4.613470442870200827e+01
-7.581645003457303744e+01
-5.147956359712761554e+01
-7.696317882718648207e+01
-5.940847757718054112e+01
-8.030194560002462367e+01
-6.932477349698214653e+01
-8.634183596595464394e+01
-7.956044003727970448e+01
-1.002459658482282379e+02
-7.132554864408686512e+01
-9.737074802416381658e+01
-9.933350771259264889e+01
-7.291048440039814693e+01
-1.805459399279636443e+02
-8.420402531359884790e+01
-3.854003453102703816e+02
-2.090140787949503078e+02
4.799310378152000567e+01
-5.303277719028421870e+02
-1.260369745912992130e+02
-4.072995458825054698e+02
5.129375604890094564e+02
-3.905531699585836805e+02
2.611627701916147544e+02
-9.178411137561482747e+01
1.751179391431820420e+02
-6.868935545551322264e+01
1.341302649285267137e+02
-6.205346604683150247e+01
1.096176324166268472e+02
-5.923261012127463943e+01
9.311132306636480394e+01
-5.781163446361782832e+01
8.114885807443712906e+01
-5.704397745398775044e+01
7.203211030842936680e+01
-5.663375697623332883e+01
6.482409844697227186e+01
-5.644468906091642424e+01
5.896303063669757449e+01
-5.640788672088237377e+01
5.409054386360871547e+01
-5.648690353349107340e+01
4.996680437968460353e+01
-5.666277953893431629e+01
4.642506981706151947e+01
-5.692716577747182072e+01
4.334581491923758989e+01
-5.727916136010953352e+01
4.064126472265416368e+01
-5.772414498200915034e+01
3.824581543602288036e+01
-5.827397727914248549e+01
3.611000692032745718e+01
-5.894855077026338108e+01
3.419685249894520496e+01
-5.977922551674269158e+01
3.248007718186779869e+01
-6.081561871218177373e+01
3.094464761405780706e+01
-6.213935893837266633e+01
2.959187241407025937e+01
-6.389437691614554637e+01
2.845833893306957307e+01
-6.636318063398645961e+01
2.769524349336269964e+01
-7.020312210387108109e+01
2.809925083060624473e+01
-7.748760791061584996e+01
4.503993049596963516e+01
-9.679420797291228951e+01
7.400537580058598053e+01
-6.793200601972998243e+01
5.362214093856592001e+01
-4.896445996534161793e+01
4.524866275854621023e+01
-4.756719104904030360e+01
4.046339178390817892e+01
-4.731412349033232800e+01
3.712112548436064685e+01
-4.736689206812744146e+01
3.454152708020311735e+01
-4.755786232359453436e+01
3.243029535439947608e+01
-4.783527088406992789e+01
3.063566849963991956e+01
-4.818055264673903793e+01
2.906990511958212764e+01
-4.858793227021996586e+01
2.767802474506301991e+01
-4.905792689930437689e+01
2.642348100293680346e+01
-4.959504678290821289e+01
2.528090625602832375e+01
-5.020709122324100804e+01
2.423215731028113851e+01
-5.090524297961460576e+01
2.326406472357636446e+01
-5.170473187827752781e+01
2.236713833079232927e+01
-5.262611241850363797e+01
2.153489570332704872e+01
-5.369739421117913025e+01
2.076369317091856459e+01
-5.495756223729723899e+01
2.005313611841857480e+01
-5.646256335688403283e+01
1.940744430680534549e+01
-5.829602012660666333e+01
1.883886742006657755e+01
-6.058979846001311387e+01
1.837644396505120525e+01
-6.356738537618470986e+01
1.809170890908875151e+01
-6.764807775567108195e+01
1.819468920293751779e+01
-7.375026020269251603e+01
1.959045522461261868e+01
-8.450449654410158473e+01
3.363185627670773670e+01
-1.124992963387488487e+02
6.710661597771779441e+01
-8.007381460169615650e+01
1.028891242703361399e+02
-5.610624494505434257e+01
6.985285629554476827e+01
-3.356380889950693813e+01
5.720083615024967827e+01
-3.158190403291199999e+01
4.995844990565313992e+01
-3.124958186376792924e+01
4.498819151729083643e+01
-3.142852869353488288e+01
4.124530940166384596e+01
-3.189652092759730806e+01
3.826692618805219581e+01
-3.261363419940159503e+01
3.581624001307032046e+01
-3.361713860601079773e+01
3.376897630828774766e+01
-3.501866745706317374e+01
3.208270770355457557e+01
-3.706337856804129416e+01
3.084638102911043589e+01
-4.034051940956080529e+01
3.073429738033792091e+01
-4.671639652383262842e+01
4.372330627973703088e+01
-6.508907328391747171e+01
6.709575066566338819e+01
-2.831279500745147715e+01
5.023195443511854563e+01
-2.038917077586450688e+01
4.326706323807035659e+01
-1.930486850460872006e+01
3.897019914631600557e+01
-1.895364150840867268e+01
3.583129325163767476e+01
-1.881381570026167083e+01
3.332880070803955164e+01
-1.876360753515258750e+01
3.122681072691490911e+01
-1.876127267105157159e+01
2.940002218209533069e+01
-1.878923488375675532e+01
2.777431931922379604e+01
-1.883917446376717209e+01
2.630232972901870170e+01
-1.890695017461912997e+01
2.495195043857584949e+01
-1.899057116392163991e+01
2.370041026395595907e+01
-1.908929504916526554e+01
2.253095985404794988e+01
-1.920320475897148782e+01
2.143090957889975812e+01
-1.933300318251168903e+01
2.039041188123984227e+01
-1.947993574557361285e+01
1.940167401084960375e+01
-1.964578494468461756e+01
1.845843454976542120e+01
-1.983292368239026260e+01
1.755560900992463047e+01
-2.004442190757978892e+01
1.668904330600218344e+01
-2.028421444625372061e+01
1.585534344737977364e+01
-2.055736525568520534e+01
1.505178306258090615e+01
-2.087044985625659876e+01
1.427624977050967026e+01
-2.123212835899586182e+01
1.352726497725690358e+01
-2.165403688805292504e+01
1.280409446175504939e+01
-2.215219548934376803e+01
1.210700722325791823e+01
-2.274934710064453824e+01
1.143784329683756162e+01
-2.347903550468343070e+01
1.080124788460621410e+01
-2.439319731571247729e+01
1.020758499778306039e+01
-2.557749605282132066e+01
9.680716725561328673e+00
-2.718587207868768019e+01
9.283052387696184127e+00
-2.953116180190924567e+01
9.224448168685587035e+00
-3.338427567744621882e+01
1.070906906710745332e+01
-4.144273048335736576e+01
3.945497212687579491e+01
-5.460568917236227549e+01
4.332035455960347292e+01
-1.570255864645195132e+01
3.003122679161261033e+01
-1.122130615470026704e+01
2.409194831978445350e+01
-1.054579320315620627e+01
2.035611248926715788e+01
-1.047287211798745687e+01
1.762168986591564845e+01
-1.064336731758352883e+01
1.544862435810870593e+01
-1.099019439683432608e+01
1.363738043330389615e+01
-1.153086943089463290e+01
1.209344284528116731e+01
-1.234898875993501655e+01
1.079631807181043257e+01
-1.364815044659258092e+01
9.868437830473428818e+00
-1.597980554304961842e+01
1.037174232475687674e+01
-2.150139428398459884e+01
3.696060599769767663e+01
-2.323285418739875752e+01
2.312419907348886738e+01
-2.539876783517718728e+00
1.657688992826695795e+01
-1.177383726787813334e+00
1.278348897989291011e+01
-7.929782834863650098e-01
9.999098312890232876e+00
-6.217443978513294001e-01
7.718965592359749550e+00
-5.274223473724738431e-01
5.735011728779632278e+00
-4.688184077945959372e-01
3.942460286391543889e+00
-4.296130512993945327e-01
2.281131543912585435e+00
-4.021638120172122965e-01
7.129733364383590288e-01
-3.824636233478675429e-01
-7.879863614114759329e-01
-3.682401042818173598e-01
-2.240679074266140436e+00
-3.581364204155073061e-01
-3.659769922419991772e+00
-3.513226362784738210e-01
-5.057319828595447930e+00
-3.472990572854168789e-01
-6.443875701672366674e+00
-3.457943853806668688e-01
-7.829269347382336264e+00
-3.467164494110402395e-01
-9.223292713258043563e+00
-3.501375441063261373e-01
-1.063637382564250977e+01
-3.563094816768760942e-01
-1.208037867896311823e+01
-3.657137312910715976e-01
-1.356970997319632666e+01
-3.791654067590471411e-01
-1.512299138030136447e+01
-3.980150516440096320e-01
-1.676589590254725692e+01
-4.245495810336091247e-01
-1.853631850741722076e+01
-4.628422465113443129e-01
-2.049476245344108705e+01
-5.207377247636421069e-01
-2.274775133523251469e+01
-6.151596277045325856e-01
-2.550959969682214279e+01
-7.893527366230479458e-01
-2.930881882141760642e+01
-1.189034474739710356e+00
-3.602225919812398303e+01
-2.668441626892462892e+00
-4.703801027661116052e+01
-2.507481929235764184e+01
-2.239511697944869439e+01
-2.147286478393046849e+01
-2.172523972637733536e+01
-1.605872021390429083e+01
-2.237311239172192145e+01
-1.374661101712714562e+01
-2.329674079522532892e+01
-1.244285397531975867e+01
-2.434156547808125026e+01
-1.160335549635308183e+01
-2.546952981260625393e+01
-1.101999899556571449e+01
-2.667233407563350056e+01
-1.059486726078993435e+01
-2.795335618008623513e+01
-1.027567602323228613e+01
-2.932306861924703156e+01
-1.003219834161901325e+01
-3.079855529357608290e+01
-9.846250887108190852e+00
-3.240519463033206193e+01
-9.707101954298462232e+00
-3.418064333219631123e+01
-9.609518847089271176e+00
-3.618271130209758013e+01
-9.553637947588478951e+00
-3.850540473759589588e+01
-9.547148389160952320e+00
-4.131482288499655908e+01
-9.612742941689550236e+00
-4.494197711625427871e+01
-9.812963621769663192e+00
-5.018197219428319045e+01
-1.035579622327561822e+01
-5.969391488094598941e+01
-1.234883763999724593e+01
-8.386171969001993887e+01
-3.924817717041381115e+01
-3.640093026106879393e+01
-4.783261982358288122e+01
-3.344937651527565947e+01
-3.622163113833153147e+01
-3.373491732143597233e+01
-3.142858999424402100e+01
-3.461895786586050860e+01
-2.872353233974916975e+01
-3.576680205009707691e+01
-2.696267601277521919e+01
-3.711048694667391601e+01
-2.572327248428591062e+01
-3.865390088234963173e+01
-2.481145431897235198e+01
-4.044104001894685041e+01
-2.412834486912263898e+01
-4.256213202343774071e+01
-2.362509608265785488e+01
-4.519027035891909350e+01
-2.329182027604599270e+01
-4.869016821299280906e+01
-2.317967247216009241e+01
-5.400435907778771849e+01
-2.354731202128810708e+01
-6.480261815714439422e+01
-2.635816644369501915e+01
-6.512589022699950192e+01
-5.417432677994901979e+01
-3.899826962645551021e+01
-5.870293700776196033e+01
-3.545175493391996469e+01
-4.708514474493388491e+01
-3.551533149773525366e+01
-4.225017150769606644e+01
-3.612008615231655995e+01
-3.944116526337634809e+01
-3.691996466067281801e+01
-3.755122517633815704e+01
-3.782799158687032559e+01
-3.617198981562471261e+01
-3.881514141835984333e+01
-3.511259465643892952e+01
-3.987136213893846559e+01
-3.427013098840870953e+01
-4.099461793288990918e+01
-3.358351036806477907e+01
-4.218712722071382615e+01
-3.301388270364490296e+01
-4.345397424009163956e+01
-3.253525158303322939e+01
-4.480268617019154931e+01
-3.212956013800784660e+01
-4.624331378109056345e+01
-3.178394500387728172e+01
-4.778888191781254591e+01
-3.148913589055194961e+01
-4.945622952308673348e+01
-3.123851302705748623e+01
-5.126738526836275156e+01
-3.102759149207295408e+01
-5.325179391515661109e+01
-3.085383979400393883e+01
-5.545002787075786443e+01
-3.071686595809926956e+01
-5.792030070767330585e+01
-3.061917561298793089e+01
-6.075074444811930618e+01
-3.056812224153487278e+01
-6.408486540752217309e+01
-3.058091186332872269e+01
-6.818172258688485954e+01
-3.069917487607876083e+01
-7.358830712420406428e+01
-3.104265573021160662e+01
-8.181543136695447060e+01
-3.211339211472187571e+01
-9.983864632077866474e+01
-3.986006931843223100e+01
-8.882866467950863409e+01
-6.137036406029977798e+01
-6.770415554744676001e+01
-7.293777144157536441e+01
-6.602193826288305445e+01
-5.989827997083095568e+01
-6.967103362343222273e+01
-5.476803458057966623e+01
-7.530874268430309826e+01
-5.210825708060178840e+01
-8.368601444759448782e+01
-5.093359886454835106e+01
-9.794626642997704380e+01
-5.187055050995047623e+01
-1.329448619037619608e+02
-6.578809887757205388e+01
-1.014643324822336297e+02
-1.589738792908187861e+02
-4.772134364338775470e+01
-1.168954859816975045e+02
-4.510350847738430957e+01
-9.912822854652799265e+01
-4.563971705019308445e+01
-9.015464014682537197e+01
-4.713805454533097361e+01
-8.453743148022749665e+01
-4.927720459722320356e+01
-8.064532923884006266e+01
-5.211430266166753711e+01
-7.781846565211318989e+01
-5.597917016142918101e+01
-7.578620838086258971e+01
-6.179495610986722909e+01
-7.461719187571083012e+01
-7.305244260115094335e+01
-7.596126964236120216e+01
-7.278140096383913260e+01
-1.078232631956220757e+02
-7.459014669589964797e+01
-1.080592827652287156e+02
-4.273155216240368759e+01
-1.070890352439483877e+02
-4.162778999650813461e+01
-9.664977156088060894e+01
-4.279031958006112291e+01
-9.141046215117660267e+01
-4.464440441711960261e+01
-8.804836347295972132e+01
-4.705082077875457713e+01
-8.566337023956312180e+01
-5.013261808953944865e+01
-8.391237602609527357e+01
-5.424645830013957948e+01
-8.268273480705778411e+01
-6.030313169620738734e+01
-8.211665972830950011e+01
-7.155260419852922382e+01
-8.369352212307481409e+01
-7.676210921568701906e+01
-1.177679665567660834e+02
-7.314008363398743029e+01
-1.114928965397862441e+02
-4.473365109584562305e+01
-1.201714665829584874e+02
-4.455120469391439997e+01
-1.084216391751334356e+02
-4.984275335515020799e+01
-1.039029192934328307e+02
-6.594120467724094681e+01
-1.117780409096860410e+02
-3.648928747037533782e+01
-1.222662590394955373e+02
-3.480202890957777129e+01
-1.118359914439671741e+02
-3.587090025753597189e+01
-1.069187412777433508e+02
-3.757453036031559179e+01
-1.037969782416709990e+02
-3.968692740168026489e+01
-1.015663057405193683e+02
-4.219679513138792970e+01
-9.988052231926467073e+01
-4.515862018865684036e+01
-9.857409149641176782e+01
-4.867071155043596775e+01
-9.755914986053329585e+01
-5.288029153587694964e+01
-9.678945143509871230e+01
-5.800321507341362093e+01
-9.624716108189849706e+01
-6.436202948816182356e+01
-9.594092816232999610e+01
-7.245696199482708266e+01
-9.591403985899233930e+01
-8.310501103681937707e+01
-9.626940311991440069e+01
-9.773598034162304771e+01
-9.723515392611074049e+01
-1.190988987253246876e+02
-9.935258063662965355e+01
-1.532421066019552711e+02
-1.041263605923314230e+02
-2.165918337509228877e+02
-1.171143621026582764e+02
-3.740372938785002361e+02
-1.751928891398814585e+02
-3.579301847608751359e+02
-1.108994960218439019e+03
6.807622070654970230e+02
-6.365311154645048646e+02
3.079032833649872600e+02
-1.495052043007132170e+02
1.871567788075141436e+02
-1.119737058240247052e+02
1.337478120941623843e+02
-1.018589453705666585e+02
1.036545831813975127e+02
-9.781628774863311548e+01
8.445047662964682900e+01
-9.609892054972698361e+01
7.471452678976895356e+01
-9.481734006643864632e+01
6.355270802044995548e+01
-9.105603007114827108e+01
5.189649551524141202e+01
-9.507986163456716611e+01
4.708757146225684664e+01
-9.384356159502787875e+01
4.228533484229505746e+01
-9.368967143357315308e+01
3.830945209530709405e+01
-9.391788881189775395e+01
3.544655553132649572e+01
-9.492318228172831596e+01
3.104100653468756832e+01
-8.968304040111712538e+01
2.668939704053459394e+01
-8.509531136611718694e+01
2.631593769887710010e+01
-9.623372539061823261e+01
2.516884692412448388e+01
-9.556911528405062484e+01
2.362064816612205931e+01
-9.600363615812558749e+01
2.315323731684501851e+01
-9.746272468441011938e+01
2.299948461630370389e+01
-9.963777754678852716e+01
1.103714672661035934e+01
-9.260062435745254561e+01
1.786088374548905477e+01
-9.914313124137258626e+01
1.733744274449782807e+01
-9.946358809364505760e+01
1.842112132187743612e+01
-1.009276345204539496e+02
2.369445364388657893e+01
-1.004163399898221058e+02
8.570583235071447703e+00
-1.048216726476945837e+02
1.181196848641264197e+01
-1.001886003983480009e+02
1.447361937328076920e+01
-1.045340209682115358e+02
1.868804309314013068e+01
-9.735479021674350975e+01
1.024042568401997855e+01
-1.100927670774060800e+02
1.278676798553317617e+01
-1.088905034925595317e+02
7.472406994746425113e+00
-1.025510424585138907e+02
2.247228296123035207e+01
-1.166729375930824943e+02
1.975392911266492035e+01
-1.030029602937907782e+02
-5.136849658733154023e+00
-1.193698030593953945e+02
1.347229898193910813e+01
-1.248610897806155435e+02
2.703006800987258096e+00
-1.211484435451712898e+02
9.066680637472996906e+00
-1.326701263742298238e+02
9.923954069746262263e+00
-1.394824080175129666e+02
1.116598910140270640e+01
-1.511363155305368196e+02
1.533960173801837712e+01
-1.729705483344770869e+02
5.871950130870142459e+01
-2.322940582082219123e+02
1.323964205844342246e+02
-1.865132921548751597e+02
1.287354623081960483e+02
-8.576499807277426157e+01
8.304953544628139639e+01
-7.463718945444902886e+01
7.564615875175317683e+01
-7.776606232029553212e+01
6.690870903041395934e+01
-7.678395809639388858e+01
6.062585801915859918e+01
-7.549137457642453342e+01
6.035135349751006117e+01
-7.491903426163665358e+01
5.385896310008725152e+01
-7.596373693171886998e+01
4.085444451168875446e+01
-7.164431348724745874e+01
4.494264437762755904e+01
-7.897411666305339395e+01
4.346861028582832631e+01
-7.900192064477947440e+01
4.353430522336834230e+01
-8.107519658174132360e+01
3.759440182825429133e+01
-7.059195059747725054e+01
3.726916549548023738e+01
-8.300079776343939386e+01
4.388670117629921208e+01
-8.167851169116522669e+01
4.913842251255304916e+01
-7.604317935919470983e+01
3.920711298119640986e+01
-6.811696672714471390e+01
1.262816472363754805e+01
-8.049105230582057402e+01
3.012667271644420453e+01
-8.689704417329522812e+01
3.040774104255764243e+01
-8.518961302066412600e+01
2.974538818464857570e+01
-8.541798534680344801e+01
2.903038849199549531e+01
-8.625247397209250266e+01
2.855804945742470125e+01
-8.767561129172356971e+01
2.828087449793950725e+01
-9.016832616751891294e+01
3.132969755229093067e+01
-8.231206100011425519e+01
1.843762267647605668e+01
-9.184663223963643475e+01
2.550759384570190846e+01
-9.389712019047675540e+01
2.554102808440292449e+01
-9.593513260741909221e+01
2.780998764965502801e+01
-9.346026676801642452e+01
2.721960739306557286e+01
-9.843835180651322503e+01
1.809160043317755395e+01
-9.539811566206877558e+01
2.298039540242865897e+01
-1.074322988294808283e+02
2.659554352163806001e+01
-1.124714210791285325e+02
2.190909427602169046e+01
-1.187532230936545972e+02
2.987930043893884857e+01
-1.114976262270650125e+02
2.183737604036960178e+01
-1.220435235979688002e+02
1.733548241583372373e+01
-1.576900710178849465e+02
1.073973109821107954e+02
-1.758680025586904776e+02
1.219482290341653510e+02
-1.583463186179664888e+02
1.088014702575464696e+02
-7.757878626689091561e+01
8.655658035016865881e+01
-7.160236829538807513e+01
7.547689207084269469e+01
-7.071480210851862580e+01
6.946520420070137902e+01
-7.199565431762994194e+01
6.760405855070061421e+01
-6.320959729991082554e+01
5.038146513536057114e+01
-6.979546795249686397e+01
5.609870915499548971e+01
-7.344884109456963017e+01
5.893420883234665553e+01
-7.603928687952895871e+01
4.742253915007438536e+01
-6.879317251310740744e+01
5.674514496021873811e+01
-6.670124258287069097e+01
4.722050511915355742e+01
-6.353431609535360280e+01
3.708300257523622179e+01
-6.571708648797567776e+01
4.056849108849378638e+01
-8.185467410511287767e+01
4.327381068336509884e+01
-7.969741242757385180e+01
4.880510880701253029e+01
-7.295121164865793162e+01
3.434410945611772092e+01
-7.266975036053156600e+01
3.909713276104031365e+01
-8.202191898733303788e+01
3.972653375485909066e+01
-8.336505959956340917e+01
4.284186477813481986e+01
-7.862469606408251366e+01
4.733442809864436640e+01
-8.986327932000196483e+01
4.177090367361715550e+01
-7.626130186897441376e+01
3.747015343791450448e+01
-7.466871019441853718e+01
1.952410891700392881e+01
-8.006005019971371439e+01
3.267531862739946291e+01
-9.707369186240667602e+01
3.436860600230124163e+01
-9.740625971929353000e+01
4.072274141267249092e+01
-9.936796264535979617e+01
3.164914160478133098e+01
-1.086933991763453804e+02
4.131067459810903841e+01
-9.922701248214620762e+01
3.307298629643413079e+01
-1.054869036059584602e+02
2.522012048107887239e+01
-1.230156620255329187e+02
4.443291793441595416e+01
-1.674841944992393792e+02
1.118380297415423996e+02
-1.259313239510981219e+02
1.444480365423099499e+02
-1.010112461414491634e+02
1.070856998519312526e+02
-6.426454928717177495e+01
8.900621368011346135e+01
-6.049350261997933842e+01
7.857050578949966280e+01
-5.975933090017316829e+01
7.118657206773239920e+01
-5.985415854293643179e+01
6.517362848951133003e+01
-6.035653109232251978e+01
5.936816838584764611e+01
-6.129303542693393325e+01
5.093426501612727009e+01
-6.488714725009771200e+01
5.733822249379560532e+01
-7.306899827140050263e+01
5.665027427372520208e+01
-7.114702396147569630e+01
5.508823113751354583e+01
-7.123350067401787555e+01
5.358637014970513235e+01
-7.190486582525848291e+01
5.220932759305286197e+01
-7.287564873573899149e+01
5.095365260998695334e+01
-7.406120450976936809e+01
4.980703016552522655e+01
-7.543813987788169584e+01
4.875774576306008612e+01
-7.701070745015366015e+01
4.779667377198219214e+01
-7.880160277683627612e+01
4.691791194953134436e+01
-8.085143518556031950e+01
4.611952132735088128e+01
-8.322366897836602107e+01
4.540518622226429102e+01
-8.601617604736883038e+01
4.478817224085565840e+01
-8.938475574310372451e+01
4.430136197250239150e+01
-9.359323655453280821e+01
4.402636960850054493e+01
-9.913312789425387450e+01
4.420016726280659469e+01
-1.070668917559193858e+02
4.581036888212479141e+01
-1.203651632625365124e+02
5.991651313817988012e+01
-1.528113957269492005e+02
1.052827275707204535e+02
-1.182235471703069578e+02
1.512638543562864015e+02
-9.723197885468741219e+01
1.101479872223936525e+02
-6.341394725787590403e+01
9.450620514076136658e+01
-6.124782420529960802e+01
8.583429266243338418e+01
-6.127059165056510182e+01
8.000877658393171998e+01
-6.191095559489852462e+01
7.569211017388792584e+01
-6.285068940263914072e+01
7.229666906587431185e+01
-6.399373585667203201e+01
6.951686336633082419e+01
-6.531020080645765802e+01
6.717576988042637254e+01
-6.679788484348205202e+01
6.516325673110372918e+01
-6.847078051191468262e+01
6.340744071492897405e+01
-7.035638626161242826e+01
6.186035540838661007e+01
-7.249736786970356661e+01
6.049065648085790770e+01
-7.495710967849154827e+01
5.928057717118752379e+01
-7.783087646626145784e+01
5.822677107699391996e+01
-8.126775028148720992e+01
5.734764669718055785e+01
-8.551661732051124432e+01
5.670818475344420051e+01
-9.103448931144150436e+01
5.651222433176970128e+01
-9.879207049993527789e+01
5.760152208384118921e+01
-1.114317161085881196e+02
6.839933789638836004e+01
-1.407310227419198725e+02
1.171148364032500382e+02
-1.104032905725501479e+02
1.574730484898008740e+02
-1.137033175527181612e+02
1.230244154001117636e+02
-5.982075389059583870e+01
1.058570965180523871e+02
-5.757050408746856363e+01
9.668080152892011370e+01
-5.817323902263184721e+01
9.059755642309434620e+01
-5.959930305300123621e+01
8.612197087788180738e+01
-6.151252446939695062e+01
8.262566537679077783e+01
-6.385882514699795820e+01
7.979376458282104068e+01
-6.668584253344995716e+01
7.745666740166333852e+01
-7.011807381154530106e+01
7.553068942173713651e+01
-7.438488686271146832e+01
7.401029738655816459e+01
-7.991341663805980033e+01
7.303294089348916884e+01
-8.759752750701383661e+01
7.328131998151883408e+01
-9.978832880378490700e+01
8.094023684862409596e+01
-1.263435247421082863e+02
1.347003449609758263e+02
-1.029827643042767562e+02
1.549465092283083436e+02
-1.194242410188045511e+02
1.397681610242494514e+02
-5.461756239025315551e+01
1.207268402336348174e+02
-5.307765580974625408e+01
1.109728083662215852e+02
-5.573645148748853728e+01
1.047429392801236645e+02
-6.032446404436869614e+01
1.005535225470996465e+02
-6.726865558994755645e+01
9.837593472442721065e+01
-7.867184870077119285e+01
1.030186136190146584e+02
-1.033923068844893294e+02
1.597834601980007960e+02
-8.648522221254026476e+01
1.815646621590504992e+02
-9.672807596014345677e+01
1.593793244259198332e+02
-3.552205408975435574e+01
1.410018792898106597e+02
-3.800853566664725491e+01
1.366198916875771374e+02
-5.381160591493645029e+01
1.902186930467856030e+02
-2.788817929881608748e+01
1.549732151215383738e+02
-5.048684945049197736e+00
1.409125352676694547e+02
-2.637587678292677928e+00
1.323051429949686337e+02
-1.800894378820641295e+00
1.260431069066191725e+02
-1.376735079337844780e+00
1.210937414738791063e+02
-1.118724614255333094e+00
1.169891289429694154e+02
-9.442753126931973107e-01
1.134766800237245832e+02
-8.179594542528914047e-01
1.104038654176267755e+02
-7.220060655318176757e-01
1.076711874737183621e+02
-6.464965254734182931e-01
1.052099529792655801e+02
-5.854410317889395809e-01
1.029706435331119394e+02
-5.349999190614395106e-01
1.009163281525398759e+02
-4.925935784210396795e-01
9.901869593959686711e+01
-4.564220986252041645e-01
9.725554607845990063e+01
-4.251898408799725804e-01
9.560913435242068203e+01
-3.979394832776322333e-01
9.406504650906643406e+01
-3.739477994483430545e-01
9.261140832136184997e+01
-3.526578719233012249e-01
9.123831794553345276e+01
-3.336336574261755117e-01
8.993742922471328427e+01
-3.165287294024188292e-01
8.870164002636215628e+01
-3.010642774736622673e-01
8.752485525422380874e+01
-2.870133070974356659e-01
8.640180397154804837e+01
-2.741890867961912504e-01
8.532789640697016864e+01
-2.624365643736636944e-01
8.429911080793965539e+01
-2.516258961958369178e-01
8.331190294158068355e+01
-2.416475050552202575e-01
8.236313299608150373e+01
-2.324082602609190973e-01
8.145000600468989660e+01
-2.238284927878616548e-01
8.057002288898718234e+01
-2.158396395036450144e-01
7.972093992193234158e+01
-2.083823666943133701e-01
7.890073492613200301e+01
-2.014050626020709167e-01
7.810757890416891769e+01
-1.948626168205560283e-01
7.733981208342690650e+01
-1.887154246895225984e-01
7.659592357396157070e+01
-1.829285696464439392e-01
7.587453400307924767e+01
-1.774711474262634647e-01
7.517438061756342904e+01
-1.723157041518694199e-01
7.449430444343505542e+01
-1.674377664929751763e-01
7.383323917065699504e+01
-1.628154467299252617e-01
7.319020149138088982e+01
-1.584291091263890228e-01
7.256428266897208346e+01
-1.542610867682263076e-01
7.195464115395196814e+01
-1.502954401664911566e-01
7.136049609431802310e+01
-1.465177505986452466e-01
7.078112161306006556e+01
-1.429149424830383763e-01
7.021584173352624703e+01
-1.394751293521799274e-01
6.966402594259551506e+01
-1.361874844404905582e-01
6.912508510945357898e+01
-1.330421201672324083e-01
6.859846798191429684e+01
-1.300299913602662172e-01
6.808365798187061557e+01
-1.271428063765216443e-01
6.758017034661833122e+01
-1.243729500348744743e-01
6.708754955958620769e+01
-1.217134158348843198e-01
6.660536703594735286e+01
-1.191577461799377957e-01
6.613321903330603391e+01
-1.166999795217818353e-01
6.567072476164722161e+01
-1.143346035079026574e-01
6.521752467013138244e+01
-1.120565133500957267e-01
6.477327889120752502e+01
-1.098609747468867748e-01
6.433766582499208653e+01
-1.077435907883070865e-01
6.391038084898165295e+01
-1.057002723521383580e-01
6.349113513999211023e+01
-1.037272115687636609e-01
6.307965459679131470e+01
-1.018208579893678384e-01
6.267567885325264854e+01
-9.997789714112850779e-02
6.227896037303837318e+01
-9.819523119470235928e-02
6.188926361784731256e+01
-9.646996150488948429e-02
6.150636428215587870e+01
-9.479937281582992425e-02
6.113004858816377407e+01
-9.318091894826308064e-02
6.076011263533834494e+01
-9.161220980890347199e-02
6.039636179955299156e+01
-9.009099958143734765e-02
6.003861017734277539e+01
-8.861517597546940406e-02
5.968668007126443342e+01
-8.718275042433189237e-02
5.934040151276052200e+01
-8.579184913535792267e-02
5.899961181928869536e+01
-8.444070490725429090e-02
5.866415518280062713e+01
-8.312764963885695135e-02
5.833388228693998201e+01
-8.185110746197915566e-02
5.800864995058327622e+01
-8.060958843845104915e-02
5.768832079557436998e+01
-7.940168276793979629e-02
5.737276293670487348e+01
-7.822605545884366018e-02
5.706184969217398617e+01
-7.708144141958439555e-02
5.675545931292269586e+01
-7.596664093206291490e-02
5.645347472938188815e+01
-7.488051547296772914e-02
5.615578331430569392e+01
-7.382198385210955727e-02
5.586227666047644647e+01
-7.279001864003555033e-02
5.557285037217461365e+01
-7.178364285992391847e-02
5.528740386940162210e+01
-7.080192692120046427e-02
5.500584020392915363e+01
-6.984398577449199563e-02
5.472806588632649039e+01
-6.890897626947853349e-02
5.445399072318792122e+01
-6.799609469893966307e-02
5.418352766384496988e+01
-6.710457451384574390e-02
5.391659265590735828e+01
-6.623368419573991139e-02
5.365310450902791217e+01
-6.538272527390499855e-02
5.339298476633521773e+01
-6.455103047593682697e-02
5.313615758302103842e+01
-6.373796200135521672e-02
5.288254961160882317e+01
-6.294290990879547465e-02
5.263208989346665589e+01
-6.216529060814766916e-02
5.238470975615993552e+01
-6.140454544975006840e-02
5.214034271627035366e+01
-6.066013940341926508e-02
5.189892438733488689e+01
-5.993155982070304949e-02
5.166039239258351756e+01
-5.921831527429580189e-02
5.142468628217887527e+01
-5.851993446905530416e-02
5.119174745468044563e+01
-5.783596521951223784e-02
5.096151908247760787e+01
-5.716597348917858146e-02
5.073394604095240368e+01
-5.650954248733502244e-02
5.050897484115002811e+01
-5.586627181931924646e-02
5.028655356575040258e+01
-5.523577668665025087e-02
5.006663180814798864e+01
-5.461768713360604793e-02
4.984916061446039492e+01
-5.401164733713478827e-02
4.963409242829801826e+01
-5.341731493721482010e-02
4.942138103813820749e+01
-5.283436040499717157e-02
4.921098152715782703e+01
-5.226246644626440091e-02
4.900285022538699309e+01
-5.170132743791959473e-02
4.879694466405675968e+01
-5.115064889539032433e-02
4.859322353202034606e+01
-5.061014696898297194e-02
4.839164663413592393e+01
-5.007954796736637654e-02
4.819217485150599600e+01
-4.955858790649235457e-02
4.799477010347408168e+01
-4.904701208238099880e-02
4.779939531128691499e+01
-4.854457466630888313e-02
4.760601436333470105e+01
-4.805103832103968520e-02
4.741459208188778263e+01
-4.756617383682973377e-02
4.722509419125325536e+01
-4.708975978602961132e-02
4.703748728727885720e+01
-4.662158219517961028e-02
4.685173880813657377e+01
-4.616143423357425141e-02
4.666781700632171948e+01
-4.570911591733635426e-02
4.648569092180738238e+01
-4.526443382810690225e-02
4.630533035629711236e+01
-4.482720084551281708e-02
4.612670584852270395e+01
-4.439723589263236403e-02
4.594978865053616346e+01
-4.397436369372521164e-02
4.577455070494821143e+01
-4.355841454354270059e-02
4.560096462306856324e+01
-4.314922408757694561e-02
4.542900366390477984e+01
-4.274663311264714771e-02
4.525864171398011138e+01
-4.235048734725983810e-02
4.508985326793186488e+01
-4.196063727121422671e-02
4.492261340985442075e+01
-4.157693793395597637e-02
4.475689779535284885e+01
-4.119924878121407341e-02
4.459268263427456702e+01
-4.082743348948179168e-02
4.442994467408894366e+01
-4.046135980793143933e-02
4.426866118388555549e+01
-4.010089940737489311e-02
4.410880993896354596e+01
-3.974592773590614886e-02
4.395036920598637664e+01
-3.939632388088308568e-02
4.379331772867679717e+01
-3.905197043692529985e-02
4.363763471402894822e+01
-3.871275337962420959e-02
4.348329981901517272e+01
-3.837856194467866022e-02
4.333029313776614089e+01
-3.804928851218551678e-02
4.317859518920470663e+01
-3.772482849583046888e-02
4.302818690511358568e+01
-3.740508023673783100e-02
4.287904961861949005e+01
-3.708994490175283182e-02
4.273116505307574187e+01
-3.677932638594103021e-02
4.258451531132728718e+01
-3.647313121910222833e-02
4.243908286534234264e+01
-3.617126847610742379e-02
4.229485054619547668e+01
-3.587364969087660643e-02
4.215180153438841160e+01
-3.558018877382686934e-02
4.200991935049435710e+01
-3.529080193262754128e-02
4.186918784611351896e+01
-3.500540759610904634e-02
4.172959119512711368e+01
-3.472392634117990595e-02
4.159111388523810149e+01
-3.444628082261332047e-02
4.145374070978768088e+01
-3.417239570557328854e-02
4.131745675983655985e+01
-3.390219760075580124e-02
4.118224741650088561e+01
-3.363561500202741361e-02
4.104809834353314102e+01
-3.337257822644995597e-02
4.091499548013840837e+01
-3.311301935658488710e-02
4.078292503401737434e+01
-3.285687218497720247e-02
4.065187347462736511e+01
-3.260407216072309933e-02
4.052182752665330412e+01
-3.235455633803047126e-02
4.039277416368081219e+01
-3.210826332668639815e-02
4.026470060206385426e+01
-3.186513324434885747e-02
4.013759429497997644e+01
-3.162510767058544781e-02
4.001144292666616309e+01
-3.138812960258420548e-02
3.988623440682881949e+01
-3.115414341246632718e-02
3.976195686522152783e+01
-3.092309480613331107e-02
3.963859864638460806e+01
-3.069493078358438362e-02
3.951614830454073513e+01
-3.046959960064351408e-02
3.939459459864115587e+01
-3.024705073203774741e-02
3.927392648755694893e+01
-3.002723483577121599e-02
3.915413312541063107e+01
-2.981010371874256645e-02
3.903520385704281637e+01
-2.959561030355469316e-02
3.891712821360957975e+01
-2.938370859646947941e-02
3.879989590830589918e+01
-2.917435365646118411e-02
3.868349683221089208e+01
-2.896750156532498788e-02
3.856792105025062511e+01
-2.876310939879877723e-02
3.845315879727461095e+01
-2.856113519865826483e-02
3.833920047424219746e+01
-2.836153794574755582e-02
3.822603664451509786e+01
-2.816427753390848138e-02
3.811365803025254451e+01
-2.796931474477412985e-02
3.800205550890573392e+01
-2.777661122339306413e-02
3.789122010980819510e+01
-2.758612945465261854e-02
3.778114301085906845e+01
-2.739783274047088643e-02
3.767181553529617588e+01
-2.721168517772806772e-02
3.756322914855611828e+01
-2.702765163690960121e-02
3.745537545521830225e+01
-2.684569774143406515e-02
