1.153751949379763775e-06
5.557619740590654691e-25
1.276733870237857474e-06
-2.326445472805390336e-25
1.416247406927121507e-06
-1.201996827616118340e-24
1.575044082627895133e-06
6.074607623436296987e-25
1.756432902957768057e-06
7.625571271973223878e-25
1.964415788085880119e-06
1.680210619248337465e-25
2.203861942544279224e-06
6.203854594147707562e-25
2.480734265544094068e-06
1.628511830963773235e-24
2.802386017551512516e-06
1.654361225106055350e-24
3.177953367680574280e-06
-2.274746684520826106e-24
3.618880329907696063e-06
3.774011544773188767e-24
4.139628821531391601e-06
-2.895132143935596862e-24
4.758651156222704572e-06
-3.567216391634931848e-24
5.499740168477466609e-06
-4.135903062765138374e-25
6.393931672751855671e-06
4.756288522179909131e-24
7.482229380505866260e-06
2.998529720504725321e-24
8.819578917037558164e-06
-2.274746684520826106e-24
1.048078082540309524e-05
1.550963648536926890e-24
1.256948764744664161e-05
-8.892191584945047505e-24
1.523224203709870259e-05
-2.419503291717605949e-23
1.868101198809994165e-05
0.000000000000000000e+00
2.323055818991041709e-05
-2.605618929542037176e-23
2.936359438603185874e-05
-1.943874439499615036e-23
3.784423398729442342e-05
2.895132143935596862e-23
4.994011442764338562e-05
0.000000000000000000e+00
6.786223705670466478e-05
-3.639594695233321769e-23
9.572387414877696885e-05
1.654361225106055350e-24
1.418273806837489783e-04
-1.356576204586965387e-22
2.248270527825055331e-04
3.441071348220595127e-22
3.933162332866045521e-04
6.882142696441190255e-22
8.048766320997112738e-04
-1.032321404466178538e-21
2.196854132775063334e-03
-2.308164781267968424e-20
1.216317091037318575e-02
-1.982057096575062793e-19
6.477911939900860006e-01
-9.540979117872439019e-18
9.294842806390470891e-01
4.662069341687669066e-18
9.528085022491580292e-01
-2.059984127722458425e-17
9.622811228943527473e-01
2.255140518769849223e-17
9.683093066392727266e-01
-1.973247953923618070e-17
9.754289940573324103e-01
-1.105886215935214523e-17
1.059139287969791177e+00
2.732189474663471174e-17
1.873345427481837078e+00
4.119968255444916849e-17
1.922192526550786873e+00
4.119968255444916849e-17
1.936568033763377272e+00
1.474514954580286030e-17
1.944612297182349181e+00
1.127570259384924611e-17
1.950949001795318605e+00
-9.107298248878237246e-18
1.962965761839459589e+00
4.770489558936219510e-18
2.502149617877654997e+00
3.295974604355933479e-17
2.883391677178279267e+00
-4.423544863740858091e-17
2.911003293292281136e+00
-4.510281037539698445e-17
2.922486053527872940e+00
1.942890293094023946e-16
2.929483179317253772e+00
1.058181320345852328e-16
2.934453929979395692e+00
6.938893903907228378e-18
2.938283263215436314e+00
-1.179611963664228824e-16
2.941383792072944203e+00
7.285838599102589797e-17
2.943980627824588137e+00
2.081668171172168513e-17
2.946210899551159113e+00
1.040834085586084257e-16
2.948166209643968028e+00
-9.020562075079396891e-17
2.949914967376265462e+00
-1.734723475976807094e-17
2.951519115939472471e+00
2.775557561562891351e-17
2.953060835789925953e+00
-5.551115123125782702e-17
2.954731013370489379e+00
6.938893903907228378e-17
2.957353863773861669e+00
-2.428612866367529932e-17
2.969897396045049653e+00
-1.075528555105620399e-16
3.665330889892403299e+00
-3.955169525227120175e-16
3.888464927087019518e+00
-1.387778780781445676e-17
3.911261373654750351e+00
0.000000000000000000e+00
3.921100232250677831e+00
1.040834085586084257e-17
3.927135512748805457e+00
0.000000000000000000e+00
3.931518794232062852e+00
-5.204170427930421283e-17
3.935219926581464911e+00
-2.775557561562891351e-17
3.939637705995261641e+00
-1.040834085586084257e-16
3.959299832293250887e+00
2.602085213965210642e-16
4.746140353539132661e+00
1.838806884535415520e-16
4.876678464408531255e+00
2.428612866367529932e-16
4.897092553955729954e+00
1.734723475976807094e-16
4.906798028349610874e+00
1.110223024625156540e-16
4.912991284862361141e+00
7.632783294297951215e-17
4.917499847359689369e+00
-2.081668171172168513e-17
4.921032232311229215e+00
-1.110223024625156540e-16
4.923931046602312733e+00
-1.318389841742373392e-16
4.926386404490623150e+00
4.163336342344337027e-17
4.928514249098306266e+00
4.857225732735059864e-17
4.930390337465315298e+00
-3.469446951953614189e-17
4.932066845100640862e+00
2.289834988289385365e-16
4.933581234160056894e+00
-1.804112415015879378e-16
4.934961332496952124e+00
8.326672684688674053e-17
4.936228413694819572e+00
-1.804112415015879378e-16
4.937399160524180708e+00
-2.428612866367529932e-16
4.938486977800901734e+00
7.632783294297951215e-17
4.939502924993046662e+00
2.775557561562891351e-17
4.940456439275008549e+00
-1.249000902703301108e-16
4.941355997655181298e+00
9.714451465470119729e-17
4.942209901050622634e+00
6.938893903907228378e-18
4.943027547687881551e+00
-7.632783294297951215e-17
4.943822147140888745e+00
2.081668171172168513e-17
4.944617890032731999e+00
-2.081668171172168513e-17
4.945473260077025479e+00
-6.245004513516505540e-17
4.946579946328050426e+00
-1.665334536937734811e-16
4.948907826175926949e+00
2.775557561562891351e-17
4.965069051171617787e+00
8.326672684688674053e-17
5.733514459181673573e+00
-1.526556658859590243e-16
5.880672671945060159e+00
-6.938893903907228378e-18
5.900984347304509825e+00
-2.081668171172168513e-17
5.910136270232410283e+00
6.245004513516505540e-17
5.915789701729293526e+00
9.020562075079396891e-17
5.919877455441937109e+00
-1.110223024625156540e-16
5.923266028386843018e+00
-2.498001805406602216e-16
5.927001268171869341e+00
6.938893903907228378e-18
5.938621133585305856e+00
2.220446049250313081e-16
6.568893209989793647e+00
-5.551115123125782702e-17
6.854869260640845674e+00
-1.110223024625156540e-16
6.880575039164447126e+00
1.942890293094023946e-16
6.891573405329125990e+00
2.914335439641035919e-16
6.898296835647024672e+00
5.551115123125782702e-17
6.903075123645461275e+00
1.665334536937734811e-16
6.906760960375348368e+00
-2.775557561562891351e-17
6.909752870127620739e+00
-4.163336342344337027e-17
6.912266911108751799e+00
9.714451465470119729e-17
6.914432561398144550e+00
6.938893903907228378e-17
6.916333245709861188e+00
-2.775557561562891351e-17
6.918025734375812696e+00
1.665334536937734811e-16
6.919550352565524420e+00
9.714451465470119729e-17
6.920936747487254515e+00
6.938893903907228378e-18
6.922207340556198574e+00
2.081668171172168513e-17
6.923379490170401773e+00
-1.179611963664228824e-16
6.924466916252523419e+00
1.110223024625156540e-16
6.925480641150652872e+00
4.857225732735059864e-17
6.926429664148379572e+00
1.387778780781445676e-16
6.927321420367325899e+00
6.938893903907228378e-18
6.928162139300913402e+00
-1.040834085586084257e-16
6.928957093962288205e+00
-2.775557561562891351e-17
6.929710791333018705e+00
-1.040834085586084257e-17
6.930427135402364769e+00
1.040834085586084257e-17
6.931109547065746668e+00
4.510281037539698445e-17
6.931761069278463694e+00
4.163336342344337027e-17
6.932384469716565079e+00
-3.122502256758252770e-17
6.932982348891474800e+00
-2.081668171172168513e-17
6.933557280029223335e+00
2.775557561562891351e-17
6.934112025130587220e+00
5.204170427930421283e-18
6.934649925796770198e+00
5.724587470723463412e-17
6.935175708881097911e+00
1.561251128379126385e-17
6.935697358476359042e+00
-3.469446951953614189e-18
6.936231068137219680e+00
5.204170427930421283e-18
6.936816651292294189e+00
-1.561251128379126385e-17
6.937577735114957456e+00
-5.377642775528101993e-17
6.939058782761676980e+00
-4.683753385137379155e-17
6.946066895419670928e+00
3.469446951953614189e-17
7.346610383565638003e+00
-2.844946500601963635e-16
7.855070980617586685e+00
-6.245004513516505540e-17
7.885204204515388504e+00
-3.747002708109903324e-16
7.896529407163615844e+00
1.552577510999242349e-16
7.903052155269338463e+00
2.428612866367529932e-17
7.907624917308878842e+00
-1.162264728904460753e-16
7.911522552136034392e+00
-2.645453300864630819e-17
7.917274535514664535e+00
-6.071532165918824830e-17
7.989967315775107437e+00
1.153591111524576718e-16
8.803262830324234400e+00
-4.926614671774132148e-16
8.856295396145824839e+00
1.526556658859590243e-16
8.856222531132992515e+00
-1.561251128379126385e-16
8.465768003958707766e+00
1.491862189340054101e-16
8.883563748841204699e+00
6.245004513516505540e-17
8.886364445624728603e+00
1.006139616066548115e-16
8.850702677520509098e+00
-8.326672684688674053e-17
7.388902398757727141e+00
8.326672684688674053e-17
7.821935574060120189e+00
-5.898059818321144121e-17
8.880529672679736919e+00
-9.367506770274758310e-17
8.541443443053566398e+00
-1.804112415015879378e-16
8.015545052090011779e+00
-1.214306433183764966e-16
7.940756347021290296e+00
-1.387778780781445676e-17
7.977805463536338237e+00
1.734723475976807094e-17
8.853798907783914984e+00
-5.204170427930421283e-17
8.901940470664250427e+00
-4.857225732735059864e-17
8.447179894037084580e+00
4.510281037539698445e-17
8.813990639883348521e+00
-9.020562075079396891e-17
7.131538306334693544e+00
3.469446951953614189e-17
8.313456346356293380e+00
-1.942890293094023946e-16
8.033979347872044485e+00
1.040834085586084257e-16
7.662294254510297442e+00
-1.387778780781445676e-16
6.983473509581683558e+00
-1.734723475976807094e-17
6.975167381493695196e+00
-1.387778780781445676e-17
7.160721666095865245e+00
-5.204170427930421283e-18
8.865708955899229693e+00
-3.469446951953614189e-17
8.910966315697422147e+00
1.144917494144692682e-16
8.915623709702757083e+00
5.551115123125782702e-17
8.898811261710063647e+00
-9.020562075079396891e-17
8.893548022540489484e+00
1.804112415015879378e-16
8.165488540971796994e+00
-6.938893903907228378e-18
8.041963282001812985e+00
-6.938893903907228378e-17
7.940445540744757835e+00
8.326672684688674053e-17
7.153332284415861331e+00
-1.561251128379126385e-16
7.944463021816259740e+00
4.406197628981090020e-16
7.219477679199563624e+00
3.989863994746656317e-17
7.397004281419546246e+00
-9.020562075079396891e-17
7.799729279996080678e+00
-6.938893903907228378e-18
7.419188877571274432e+00
-1.942890293094023946e-16
6.989246518795780183e+00
-6.938893903907228378e-17
6.990133576607908239e+00
0.000000000000000000e+00
7.434326024075388339e+00
-1.387778780781445676e-16
8.893257453322142680e+00
-2.012279232133096230e-16
8.918335741436800745e+00
1.387778780781445676e-17
8.848667117852674124e+00
-3.261280134836397337e-16
8.928396875366095387e+00
3.781697177629439466e-16
8.415964362145412991e+00
5.204170427930421283e-16
8.139049328786089887e+00
-3.816391647148975608e-16
7.933692226953763083e+00
0.000000000000000000e+00
7.936789993553349909e+00
2.636779683484746784e-16
8.026701491422691959e+00
1.387778780781445676e-16
9.792552247871597615e+00
-5.551115123125782702e-17
1.003632243576077343e+01
4.267419750902945452e-16
1.079243829302890667e+01
-2.775557561562891351e-16
1.083764676569475327e+01
-6.938893903907228378e-17
1.085054933390002674e+01
4.163336342344337027e-17
1.054749850264055944e+01
1.387778780781445676e-17
1.080360907228191536e+01
-8.326672684688674053e-17
1.079615897827467919e+01
7.632783294297951215e-17
8.347531150074285478e+00
-1.734723475976807094e-16
9.256593901043828510e+00
2.012279232133096230e-16
9.653038425661378596e+00
2.983724378680108202e-16
8.033036963703953148e+00
2.289834988289385365e-16
7.991010678918932797e+00
-2.220446049250313081e-16
8.722281537996611434e+00
4.163336342344337027e-17
1.018576304291471146e+01
6.938893903907228378e-18
1.079284757631026892e+01
-8.326672684688674053e-17
1.056265917817099620e+01
-1.040834085586084257e-17
9.583187733792446039e+00
4.579669976578770729e-16
9.459917131975725368e+00
-6.245004513516505540e-17
8.963237444064832360e+00
-1.387778780781445676e-17
8.961878312918361900e+00
4.163336342344337027e-17
9.311984178234576248e+00
5.898059818321144121e-17
1.086300710642225198e+01
-1.040834085586084257e-16
1.089353095053467868e+01
2.220446049250313081e-16
1.089811366373024981e+01
-2.359223927328457648e-16
1.089974223273387466e+01
-2.775557561562891351e-16
1.090022713211908467e+01
-4.163336342344337027e-16
1.089773429810671601e+01
4.996003610813204432e-16
1.069553489954455472e+01
-1.249000902703301108e-16
1.063772388713785588e+01
-1.387778780781445676e-17
9.612660355881462948e+00
-2.914335439641035919e-16
9.116532247342895801e+00
-1.387778780781445676e-17
8.964842913384471146e+00
-4.024558464266192459e-16
8.981190418850182766e+00
-1.318389841742373392e-16
1.009785272357320807e+01
1.595945597898662527e-16
9.638218280951495132e+00
-4.024558464266192459e-16
1.087102559853843076e+01
-3.608224830031758756e-16
1.018881004548389591e+01
-2.636779683484746784e-16
7.722644508760337700e+00
-1.387778780781445676e-16
1.076063697519411022e+01
-5.828670879282071837e-16
9.232007288443856652e+00
-1.110223024625156540e-16
9.023887190323778285e+00
-2.220446049250313081e-16
1.028275216339780584e+01
8.326672684688674053e-17
1.074963270731620568e+01
1.665334536937734811e-16
9.398435550991683485e+00
0.000000000000000000e+00
1.036271781062102093e+01
3.608224830031758756e-16
9.548959447591933269e+00
1.110223024625156540e-16
8.908543583688437906e+00
1.665334536937734811e-16
8.382155815049241454e+00
3.053113317719180486e-16
9.875476765182723327e+00
2.914335439641035919e-16
9.938157164146932843e+00
0.000000000000000000e+00
1.002947454724021092e+01
-4.996003610813204432e-16
1.121907862740485484e+01
-1.942890293094023946e-16
1.179960087793190482e+01
-1.110223024625156540e-16
1.083099208776873823e+01
2.220446049250313081e-16
1.035758207884528304e+01
-1.110223024625156540e-16
1.164361155302253792e+01
2.775557561562891351e-17
1.005663434841654258e+01
2.775557561562891351e-17
1.082611947467094993e+01
-4.440892098500626162e-16
1.179579805759877331e+01
3.469446951953614189e-16
1.280567049632618293e+01
-2.775557561562891351e-16
1.283270872633763560e+01
2.498001805406602216e-16
1.284249191607720242e+01
-6.383782391594650107e-16
1.284860382123798317e+01
1.110223024625156540e-16
1.285304748232698913e+01
1.942890293094023946e-16
1.285643244049960998e+01
-3.330669073875469621e-16
1.285888403078558184e+01
-8.326672684688674053e-17
1.285956159549442646e+01
-2.775557561562891351e-17
1.283833312608602739e+01
4.163336342344337027e-16
1.145003991128071164e+01
-1.110223024625156540e-16
1.158661250048672287e+01
5.273559366969493567e-16
1.007263476845892214e+01
2.220446049250313081e-16
1.074505629432007581e+01
3.330669073875469621e-16
9.388573642638936789e+00
-2.498001805406602216e-16
1.164709387577345723e+01
5.134781488891348999e-16
1.272811881514159538e+01
8.881784197001252323e-16
1.112246965349675953e+01
-5.551115123125782702e-16
1.210134071917104492e+01
-3.885780586188047891e-16
1.117797022486700875e+01
1.665334536937734811e-16
1.280834757316970496e+01
-1.665334536937734811e-16
1.186420337959950189e+01
1.110223024625156540e-16
1.109277109616811430e+01
2.220446049250313081e-16
1.278275204865563808e+01
1.665334536937734811e-16
1.287247818764040375e+01
-4.718447854656915297e-16
1.287017707749355466e+01
-5.828670879282071837e-16
1.213999089510834040e+01
-3.330669073875469621e-16
1.126817424084194386e+01
-8.326672684688674053e-17
1.271593549344726348e+01
6.383782391594650107e-16
1.059131370946218453e+01
1.110223024625156540e-16
1.069686116807338649e+01
3.330669073875469621e-16
1.191010025589507215e+01
-4.163336342344337027e-16
1.197555844357500199e+01
2.775557561562891351e-16
1.284633723796184057e+01
5.551115123125782702e-17
1.288044202499102653e+01
8.326672684688674053e-17
1.288226995289464227e+01
1.387778780781445676e-16
1.287493019895604718e+01
-2.775557561562891351e-17
1.193361712384474416e+01
-1.665334536937734811e-16
1.146656731410327623e+01
-1.665334536937734811e-16
1.238873387630843581e+01
2.775557561562891351e-17
1.103996842519982557e+01
-8.326672684688674053e-17
1.219442610428455254e+01
0.000000000000000000e+00
1.287278142839591766e+01
8.604228440844963188e-16
1.288382035540875137e+01
8.326672684688674053e-17
1.288558502054533506e+01
5.551115123125782702e-16
1.288612341083717006e+01
-1.110223024625156540e-16
1.288630381912556544e+01
3.330669073875469621e-16
1.288629393581857130e+01
-5.551115123125782702e-17
1.288606192239508097e+01
-2.220446049250313081e-16
1.288504850064295582e+01
-5.273559366969493567e-16
1.287090945123332908e+01
-1.387778780781445676e-16
1.158886504298561704e+01
6.106226635438360972e-16
1.288304862384792848e+01
1.942890293094023946e-16
1.203229182395711305e+01
2.914335439641035919e-16
1.215078751328934814e+01
-3.191891195797325054e-16
1.302345669726358324e+01
-1.665334536937734811e-16
1.309065100671391946e+01
2.220446049250313081e-16
1.469144834409442524e+01
3.885780586188047891e-16
1.422744402543617248e+01
2.081668171172168513e-16
1.224784903643254452e+01
-1.387778780781445676e-16
1.475092607136516065e+01
-2.359223927328457648e-16
1.464503781766540769e+01
-4.996003610813204432e-16
1.422496795795338898e+01
-8.326672684688674053e-17
1.367634406062557773e+01
-9.714451465470119729e-17
1.429870768604724418e+01
2.775557561562891351e-17
1.475362190408208818e+01
7.216449660063517513e-16
1.333381562646277274e+01
5.551115123125782702e-16
1.465109575845125356e+01
6.383782391594650107e-16
1.439291416545255586e+01
-3.330669073875469621e-16
1.373859620907631651e+01
1.873501354054951662e-16
1.281144671218067721e+01
-3.608224830031758756e-16
1.468175752062225925e+01
-3.330669073875469621e-16
1.325424700728571992e+01
-1.110223024625156540e-16
1.478303442033284476e+01
8.326672684688674053e-17
1.480793820766333369e+01
-2.775557561562891351e-16
1.480475149859752904e+01
2.775557561562891351e-16
1.479003128364048791e+01
4.996003610813204432e-16
1.404622174467342965e+01
1.942890293094023946e-16
1.346948800443447425e+01
4.440892098500626162e-16
1.234044384200296207e+01
8.326672684688674053e-17
1.348947683810126108e+01
1.942890293094023946e-16
1.381262798329153263e+01
1.387778780781445676e-16
1.380826357570703067e+01
5.273559366969493567e-16
1.378422346311553071e+01
-6.938893903907228378e-16
1.345712286272793889e+01
8.049116928532384918e-16
1.261321971450210278e+01
2.775557561562891351e-17
1.163144728988259757e+01
-2.775557561562891351e-16
1.097685964599912012e+01
2.636779683484746784e-16
1.021751244335966646e+01
3.469446951953614189e-16
1.175659231929576976e+01
-8.326672684688674053e-17
1.186228929527286446e+01
-3.330669073875469621e-16
1.186560978592153504e+01
5.551115123125782702e-17
1.186570091831403317e+01
-8.326672684688674053e-17
1.186511081029055603e+01
-9.714451465470119729e-17
1.186403009336224557e+01
1.804112415015879378e-16
1.186175327421853254e+01
2.775557561562891351e-17
1.184004782112877407e+01
2.359223927328457648e-16
1.112815799890195478e+01
1.249000902703301108e-16
1.105031992655328921e+01
-2.151057110211240797e-16
1.180972987834878118e+01
1.526556658859590243e-16
1.184737919711561815e+01
6.938893903907228378e-17
1.184149538817584357e+01
1.387778780781445676e-17
1.182645864606472941e+01
-1.040834085586084257e-16
1.176509471614165214e+01
-5.204170427930421283e-17
1.083171752426929046e+01
3.608224830031758756e-16
9.930520052338991377e+00
2.116362640691704655e-16
9.895965527422077912e+00
-1.110223024625156540e-16
9.876740437558179764e+00
1.110223024625156540e-16
9.878253038648466600e+00
2.095545958979982970e-15
9.984259671781954282e+00
-4.163336342344337027e-16
9.904719190763078274e+00
1.249000902703301108e-16
9.889760868283850925e+00
-1.387778780781445676e-16
9.891607435660876746e+00
-1.595945597898662527e-16
9.892092770762324960e+00
1.838806884535415520e-16
9.892148212186224754e+00
2.081668171172168513e-17
9.892006931582296048e+00
3.122502256758252770e-16
9.891745365080256036e+00
-1.387778780781445676e-17
9.891391884469630469e+00
-1.387778780781445676e-16
9.890956135054672416e+00
-2.359223927328457648e-16
9.890438721810184575e+00
-1.526556658859590243e-16
9.889834713138034417e+00
0.000000000000000000e+00
9.889134754928356585e+00
-1.387778780781445676e-17
9.888324994864573725e+00
1.804112415015879378e-16
9.887386146370165108e+00
2.081668171172168513e-16
9.886291609273378356e+00
-2.220446049250313081e-16
9.885004207876097126e+00
-6.938893903907228378e-17
9.883470558713780107e+00
0.000000000000000000e+00
9.881610953043910683e+00
-1.110223024625156540e-16
9.879299959434309386e+00
-8.326672684688674053e-17
9.876325737480463829e+00
8.326672684688674053e-17
9.872293489699984548e+00
-2.220446049250313081e-16
9.866351771821598504e+00
3.330669073875469621e-16
9.856164161198204710e+00
2.775557561562891351e-17
9.831273573799890642e+00
-2.498001805406602216e-16
9.536817875934641364e+00
-4.163336342344337027e-16
8.165836890050702124e+00
1.942890293094023946e-16
7.920494286885169544e+00
4.718447854656915297e-16
7.911810200460412723e+00
1.387778780781445676e-16
7.909442920708801950e+00
-8.326672684688674053e-17
7.908168014237006105e+00
-7.771561172376095783e-16
7.907187240546537765e+00
0.000000000000000000e+00
7.906281172712544603e+00
-7.216449660063517513e-16
7.905365359352419574e+00
5.551115123125782702e-17
7.904396901086157001e+00
-3.885780586188047891e-16
7.903347245629859685e+00
2.636779683484746784e-16
7.902192135494098935e+00
-1.526556658859590243e-16
7.900906867801322342e+00
2.498001805406602216e-16
7.899463220452798140e+00
1.249000902703301108e-16
7.897826609822107713e+00
3.747002708109903324e-16
7.895952614981538886e+00
0.000000000000000000e+00
7.893781987859131988e+00
-2.081668171172168513e-16
7.891232776456221565e+00
3.608224830031758756e-16
7.888186984913795108e+00
-3.191891195797325054e-16
7.884466332167357372e+00
2.220446049250313081e-16
7.879784354318436712e+00
3.191891195797325054e-16
7.873640830386544387e+00
8.326672684688674053e-17
7.865050326936742664e+00
-6.938893903907228378e-17
7.851655851011733134e+00
-8.326672684688674053e-17
7.825245682775610945e+00
1.942890293094023946e-16
7.696471099839939711e+00
2.775557561562891351e-17
6.859645618030016934e+00
-4.163336342344337027e-17
6.054270621757567028e+00
-1.110223024625156540e-16
5.948427821845584162e+00
1.110223024625156540e-16
5.943224640154346261e+00
0.000000000000000000e+00
5.941219391782249559e+00
1.110223024625156540e-16
5.939625278903583272e+00
0.000000000000000000e+00
5.937946158850862410e+00
-2.220446049250313081e-16
5.935953792686268216e+00
-6.938893903907228378e-17
5.933411889872589384e+00
-2.775557561562891351e-16
5.929933196981901133e+00
-5.551115123125782702e-17
5.924698854410175741e+00
1.387778780781445676e-17
5.915445499562078879e+00
8.326672684688674053e-17
5.892054932763700847e+00
1.526556658859590243e-16
5.642939645171228591e+00
1.526556658859590243e-16
4.054669863083377734e+00
-5.551115123125782702e-17
3.973634162479587673e+00
-1.110223024625156540e-16
3.967342582178095434e+00
-1.665334536937734811e-16
3.965588129353047719e+00
-1.387778780781445676e-17
3.964806444582117173e+00
1.942890293094023946e-16
3.964343232781061488e+00
-2.775557561562891351e-17
3.964007543275878120e+00
9.714451465470119729e-17
3.963727134396072049e+00
-6.938893903907228378e-17
3.963469330067709073e+00
-1.387778780781445676e-17
3.963217044563008606e+00
1.387778780781445676e-17
3.962960041308043024e+00
4.857225732735059864e-17
3.962691274462080582e+00
-4.163336342344337027e-17
3.962405155278535318e+00
-4.857225732735059864e-17
3.962096651094566990e+00
-1.318389841742373392e-16
3.961760720196190633e+00
6.938893903907228378e-18
3.961391904492677529e+00
-4.857225732735059864e-17
3.960983957850205073e+00
-2.081668171172168513e-17
3.960529443172585040e+00
-1.387778780781445676e-17
3.960019254826249835e+00
-3.816391647148975608e-17
3.959441964622605337e+00
2.081668171172168513e-17
3.958782852922952955e+00
-1.110223024625156540e-16
3.958022541028953789e+00
-2.949029909160572061e-17
3.957134804330237898e+00
5.898059818321144121e-17
3.956083039719380690e+00
1.153591111524576718e-16
3.954814244641311483e+00
8.673617379884035472e-18
3.953248051844271860e+00
4.835541689285349776e-17
3.951255237509109897e+00
4.401860820291148002e-17
3.948611137265659377e+00
4.309703635629880125e-17
3.944880025982159477e+00
-1.729302465114379572e-17
3.939065901084818577e+00
-3.512815038853034366e-17
3.928164200009674367e+00
2.862293735361731706e-17
3.895797101190892509e+00
7.285838599102589797e-17
3.226059418636221032e+00
-2.775557561562891351e-17
2.027763318012442806e+00
8.326672684688674053e-17
1.989064244332992670e+00
2.775557561562891351e-17
1.983974331159535476e+00
4.163336342344337027e-17
1.981952759627692906e+00
2.081668171172168513e-17
1.980540195092584943e+00
-6.938893903907228378e-18
1.979136544305060808e+00
6.938893903907228378e-18
1.977409005798420605e+00
2.775557561562891351e-17
1.974930118349187413e+00
8.326672684688674053e-17
1.970746046234568283e+00
-2.775557561562891351e-17
1.961598166660811327e+00
-3.469446951953614189e-17
1.924541676489326836e+00
1.387778780781445676e-17
6.643935308210143775e-01
-1.561251128379126385e-17
2.346989559893140898e-02
-2.710505431213761085e-20
6.616936867668719337e-03
1.016439536705160407e-20
3.169563943009056500e-03
-5.082197683525802034e-21
1.919712872018960580e-03
-3.811648262644351526e-21
1.329087356808475841e-03
8.470329472543003391e-22
1.003896877481963174e-03
-5.293955920339377119e-22
8.065709115474383861e-04
7.199780051661552882e-21
6.789391342197207725e-04
1.270549420881450509e-21
5.930107243180111030e-04
-2.964615315390051187e-21
5.340313521598695403e-04
5.505714157152952204e-21
4.937214322428247829e-04
4.648093298057973111e-20
4.672722870309456368e-04
5.082197683525802034e-21
4.519085754631411663e-04
7.580944877925988035e-20
4.461765599783911905e-04
3.261076846929056305e-20
4.496107671874195223e-04
2.628173828740643092e-17
4.626365249452038899e-04
1.316797419801535307e-17
4.866699224356316883e-04
-8.682087709356578475e-21
5.244559591839953114e-04
2.752857078576476102e-21
5.807915238685850030e-04
-1.238785685359414246e-19
6.639903623683746092e-04
-2.964615315390051187e-21
7.889565818562048732e-04
2.435219723356113475e-21
9.841370579461699436e-04
-4.870439446712226950e-21
1.309048729321015195e-03
-1.270549420881450509e-21
1.905616348660012270e-03
7.835054762102278136e-21
3.184884958464955645e-03
1.948175778684890780e-20
6.785887743766047010e-03
3.049318610115481221e-20
2.531359387190337124e-02
1.084202172485504434e-19
8.024430907149854297e-01
-3.469446951953614189e-18
1.925848593322240010e+00
-6.245004513516505540e-17
1.961387113897461232e+00
-6.938893903907228378e-18
1.970266570078833546e+00
-1.387778780781445676e-17
1.974306583013045069e+00
2.775557561562891351e-17
1.976641291143933721e+00
4.163336342344337027e-17
1.978173833469429876e+00
2.775557561562891351e-17
1.979263440268322682e+00
2.775557561562891351e-17
1.980083283426299579e+00
1.387778780781445676e-17
1.980728855600296878e+00
-1.387778780781445676e-17
1.981259140184403300e+00
1.387778780781445676e-17
1.981715436697953248e+00
4.857225732735059864e-17
1.982132302678012881e+00
-1.387778780781445676e-17
1.982547347510774216e+00
3.469446951953614189e-17
1.983016925871077696e+00
-1.387778780781445676e-17
1.983655651961769628e+00
-9.020562075079396891e-17
1.984772540917292716e+00
2.775557561562891351e-17
1.987536693010735434e+00
6.245004513516505540e-17
2.000018811747790615e+00
8.326672684688674053e-17
2.397111129327233137e+00
1.387778780781445676e-17
3.862288936741329337e+00
1.873501354054951662e-16
3.920398883123690226e+00
-7.459310946700270506e-17
3.935009268700267349e+00
3.816391647148975608e-17
3.942022027824656050e+00
2.157562323246153824e-17
3.946283659709407310e+00
-4.835541689285349776e-17
3.949213723110926111e+00
1.192622389734054877e-17
3.951398186739929930e+00
-3.436920886779049056e-17
3.953141260022852599e+00
8.131516293641283255e-19
3.954647064936539724e+00
-8.304988641238963964e-17
3.956128521765405637e+00
5.464378949326942347e-17
3.958010708823218593e+00
1.301042606982605321e-17
3.961951957592526163e+00
-3.295974604355933479e-17
3.984830511495253802e+00
6.765421556309547668e-17
4.837456364763388805e+00
7.632783294297951215e-17
5.831307398429593114e+00
-1.040834085586084257e-16
5.897913454813652478e+00
2.081668171172168513e-17
5.912836155488070844e+00
5.551115123125782702e-17
5.920091404734820983e+00
-4.163336342344337027e-17
5.924594371888272093e+00
9.714451465470119729e-17
5.927741107852230407e+00
1.387778780781445676e-17
5.930098496751215364e+00
-1.110223024625156540e-16
5.931946610177943668e+00
5.551115123125782702e-17
5.933442339757416306e+00
-1.387778780781445676e-17
5.934681664857711425e+00
2.220446049250313081e-16
5.935727299661254897e+00
-9.714451465470119729e-17
5.936622420430348157e+00
-1.942890293094023946e-16
5.937398104174118174e+00
1.249000902703301108e-16
5.938077675784604992e+00
-1.665334536937734811e-16
5.938679465359655296e+00
-1.110223024625156540e-16
5.939218764631103653e+00
1.665334536937734811e-16
5.939709519283503880e+00
1.249000902703301108e-16
5.940166295175804301e+00
5.551115123125782702e-17
5.940607476848223101e+00
2.498001805406602216e-16
5.941062071164440184e+00
1.387778780781445676e-17
5.941587549050804995e+00
-1.249000902703301108e-16
5.942327645660464341e+00
-2.775557561562891351e-17
5.943762231905728832e+00
2.775557561562891351e-17
5.948497225254011589e+00
2.775557561562891351e-17
6.010683987443409926e+00
1.665334536937734811e-16
6.899334828620732551e+00
2.775557561562891351e-17
7.801410651418798636e+00
1.110223024625156540e-16
7.874697015313557813e+00
-5.551115123125782702e-17
7.890708458247241985e+00
3.330669073875469621e-16
7.898830540817595391e+00
-2.775557561562891351e-17
7.904600887940127052e+00
-1.942890293094023946e-16
7.911620345659028608e+00
2.498001805406602216e-16
7.959917033113994123e+00
-1.665334536937734811e-16
9.256334727265153717e+00
3.330669073875469621e-16
9.753540842226303909e+00
0.000000000000000000e+00
9.800469890745283408e+00
2.636779683484746784e-16
9.820747911556180654e+00
1.110223024625156540e-16
9.832920181367223122e+00
4.579669976578770729e-16
9.841368684190463512e+00
3.885780586188047891e-16
9.847819412505661063e+00
1.665334536937734811e-16
9.853307245325760633e+00
-2.220446049250313081e-16
9.859360164963533180e+00
2.914335439641035919e-16
9.877025143360823378e+00
7.494005416219806648e-16
1.061073701914280321e+01
-3.330669073875469621e-16
1.099596748723029194e+01
8.326672684688674053e-17
1.176471186802106139e+01
-2.775557561562891351e-16
1.180338253530576154e+01
-5.273559366969493567e-16
1.181709537966859536e+01
-5.551115123125782702e-17
1.182513625703413140e+01
0.000000000000000000e+00
1.183079119543862134e+01
-4.163336342344337027e-16
1.183522945079565503e+01
-5.551115123125782702e-17
1.183917148112401563e+01
1.942890293094023946e-16
1.184383763680187052e+01
-4.996003610813204432e-16
1.185803062936594543e+01
9.159339953157541458e-16
1.250941112777578823e+01
2.775557561562891351e-16
1.287942087660296409e+01
-6.938893903907228378e-16
1.373097485278971064e+01
-2.775557561562891351e-17
1.378188611131204055e+01
3.885780586188047891e-16
1.380119351808597195e+01
1.665334536937734811e-16
1.390445238638651659e+01
-6.938893903907228378e-16
1.472987635920545202e+01
1.665334536937734811e-16
1.477299335363002619e+01
-6.106226635438360972e-16
1.478599904464830317e+01
4.996003610813204432e-16
1.479335100210882992e+01
0.000000000000000000e+00
1.479840547314104526e+01
1.942890293094023946e-16
1.480220170989139561e+01
3.885780586188047891e-16
1.480519244288807101e+01
1.665334536937734811e-16
1.480761547025691804e+01
8.326672684688674053e-17
1.480961067521124974e+01
-1.665334536937734811e-16
1.481126597874477824e+01
-1.804112415015879378e-16
1.481263775977839714e+01
-1.110223024625156540e-16
1.481375973903529619e+01
3.191891195797325054e-16
1.481464437481850638e+01
-5.551115123125782702e-17
1.481527486925359938e+01
-4.163336342344337027e-17
1.481557476975461185e+01
4.163336342344337027e-17
1.481529757039395179e+01
-2.081668171172168513e-17
1.481350225406925247e+01
-1.214306433183764966e-16
1.480399782198085035e+01
-5.898059818321144121e-17
1.464229029155650608e+01
0.000000000000000000e+00
1.471802576925693096e+01
-2.220446049250313081e-16
1.480835227214016925e+01
-1.387778780781445676e-17
1.481514870165118580e+01
-7.632783294297951215e-17
1.481682817890555270e+01
5.898059818321144121e-17
1.481706051992199846e+01
-1.526556658859590243e-16
1.481445004574137414e+01
2.081668171172168513e-16
1.454080030374936428e+01
1.665334536937734811e-16
1.417874337984029864e+01
1.249000902703301108e-16
1.477509575239514916e+01
-1.110223024625156540e-16
1.481493970607364474e+01
5.551115123125782702e-17
1.481563050991494812e+01
5.551115123125782702e-17
1.481414070768547830e+01
-5.551115123125782702e-16
1.479712734633381288e+01
0.000000000000000000e+00
1.372339859097922776e+01
3.469446951953614189e-17
1.334769116099126052e+01
2.775557561562891351e-16
1.478836311508741730e+01
0.000000000000000000e+00
1.480941510672558437e+01
4.718447854656915297e-16
1.480844759607105665e+01
-2.775557561562891351e-17
1.476216514294692495e+01
-1.387778780781445676e-16
1.442870645981296995e+01
-4.996003610813204432e-16
1.368672966834176741e+01
-1.387778780781445676e-17
1.479400577784129744e+01
5.273559366969493567e-16
1.480019206913292429e+01
8.326672684688674053e-17
1.465492262076889673e+01
6.106226635438360972e-16
1.395211816148433925e+01
-1.387778780781445676e-16
1.412956644694230057e+01
5.273559366969493567e-16
1.401934156390517039e+01
9.714451465470119729e-16
1.444165762524804819e+01
-5.551115123125782702e-17
1.347464546899345272e+01
-1.165734175856414367e-15
1.470720966410153707e+01
-4.996003610813204432e-16
1.433617617753132834e+01
-1.665334536937734811e-16
1.345423943183399373e+01
5.551115123125782702e-17
1.397748472519086249e+01
3.330669073875469621e-16
1.313245939586085775e+01
-5.551115123125782702e-17
1.348519774444309860e+01
4.440892098500626162e-16
1.399182793884344278e+01
-2.359223927328457648e-16
1.334779862906217573e+01
-5.273559366969493567e-16
1.472181806378677749e+01
5.551115123125782702e-17
1.472248716164156690e+01
4.718447854656915297e-16
1.469970449258554801e+01
1.193489751472043281e-15
1.465116174912260405e+01
4.996003610813204432e-16
1.438178045282509920e+01
-8.326672684688674053e-17
1.290439219555277717e+01
-5.551115123125782702e-16
1.185192189794770279e+01
-2.775557561562891351e-17
1.159273165294324137e+01
8.326672684688674053e-17
1.283800524603134008e+01
-4.440892098500626162e-16
1.284531256524766007e+01
2.220446049250313081e-16
1.239278307391410650e+01
-1.110223024625156540e-16
1.191464270581598228e+01
4.440892098500626162e-16
1.145782930499147767e+01
6.106226635438360972e-16
1.140846296316351172e+01
1.387778780781445676e-16
1.282608848467564044e+01
7.216449660063517513e-16
1.282684417806784971e+01
5.551115123125782702e-17
1.265158267089081079e+01
-3.885780586188047891e-16
1.121511011399249824e+01
-6.938893903907228378e-16
1.273025124985238321e+01
-2.220446049250313081e-16
1.193932718645308100e+01
-6.661338147750939243e-16
1.054788695331190240e+01
8.326672684688674053e-17
9.826148005601694990e+00
3.885780586188047891e-16
1.041401933244901201e+01
2.359223927328457648e-16
1.278996501940542352e+01
-2.498001805406602216e-16
1.282687940099522095e+01
-4.718447854656915297e-16
1.282935064210110276e+01
-8.881784197001252323e-16
1.282768870482670565e+01
-1.110223024625156540e-16
1.281301558691160025e+01
-6.661338147750939243e-16
1.263727857405424615e+01
-3.330669073875469621e-16
1.114225524544931467e+01
-4.996003610813204432e-16
1.200001740057608757e+01
8.326672684688674053e-17
1.279486170620079299e+01
-1.110223024625156540e-16
1.268356714073118141e+01
2.775557561562891351e-16
1.172913749241948267e+01
1.110223024625156540e-16
1.132059819653164112e+01
-5.551115123125782702e-17
1.117495971247694442e+01
4.996003610813204432e-16
1.273817709938682441e+01
3.885780586188047891e-16
1.251137883322674504e+01
5.273559366969493567e-16
1.176655764072533117e+01
5.551115123125782702e-17
1.087769365060520244e+01
3.885780586188047891e-16
1.079188414340752544e+01
-8.326672684688674053e-17
1.112691004904400494e+01
-5.551115123125782702e-16
1.025321627573183036e+01
9.992007221626408864e-16
1.063587807298148569e+01
4.996003610813204432e-16
1.086223545818988612e+01
-1.110223024625156540e-16
1.086416021274160748e+01
-2.775557561562891351e-17
1.085569086642919956e+01
8.326672684688674053e-17
1.072968514370108473e+01
-1.387778780781445676e-16
9.160172702102148179e+00
-2.775557561562891351e-16
9.723399702602705474e+00
-1.804112415015879378e-16
1.068706567844120059e+01
-2.775557561562891351e-17
1.012593354673308887e+01
-8.326672684688674053e-17
8.598007590921206145e+00
-1.804112415015879378e-16
8.940762622649717883e+00
-1.387778780781445676e-17
8.920752852493443186e+00
3.330669073875469621e-16
8.981810207420554804e+00
1.665334536937734811e-16
1.070381331287524418e+01
4.440892098500626162e-16
1.073508675915622845e+01
2.775557561562891351e-16
9.269683498205850469e+00
-3.330669073875469621e-16
9.197356810345379330e+00
2.289834988289385365e-16
1.080450761790081415e+01
2.636779683484746784e-16
1.077633331116606996e+01
3.469446951953614189e-16
9.319401777402806175e+00
-1.457167719820517959e-16
9.691703823008310792e+00
-3.053113317719180486e-16
8.874907813321174288e+00
-1.179611963664228824e-16
8.159325369613315004e+00
1.110223024625156540e-16
8.250985506569371353e+00
-2.428612866367529932e-17
1.074616218229565767e+01
5.204170427930421283e-17
1.076655642703138938e+01
2.498001805406602216e-16
9.865822248128520044e+00
1.838806884535415520e-16
9.879528517237691432e+00
-4.891920202254596006e-16
8.910699926987286190e+00
3.590877595271990685e-16
8.840414162722408875e+00
-8.326672684688674053e-17
8.833092394365646527e+00
-1.578598363138894456e-16
1.004415111349434753e+01
-3.122502256758252770e-16
8.141743484189802871e+00
-1.020017403874362572e-15
7.740783014015100605e+00
-5.967448757360216405e-16
7.902077283889036963e+00
6.245004513516505540e-17
7.892932098528799401e+00
-1.040834085586084257e-16
7.889949233450506583e+00
1.665334536937734811e-16
7.888454074192728704e+00
-9.020562075079396891e-17
7.888209722217373709e+00
6.938893903907228378e-17
7.892173659978084288e+00
7.979727989493312634e-17
7.962702188266719716e+00
-1.908195823574487804e-17
8.825089077814354255e+00
1.526556658859590243e-16
8.855886347683547655e+00
2.775557561562891351e-17
8.858248080347181030e+00
1.318389841742373392e-16
8.857495998123006586e+00
1.040834085586084257e-17
8.855742923733007643e+00
8.326672684688674053e-17
8.853442016628811473e+00
-3.469446951953614189e-18
8.850717760966443137e+00
-1.075528555105620399e-16
8.847587720850821569e+00
9.714451465470119729e-17
8.844015827580525624e+00
5.204170427930421283e-17
8.839923223689929443e+00
-6.591949208711866959e-17
8.835180902149717852e+00
1.457167719820517959e-16
8.829585641816560582e+00
-2.775557561562891351e-17
8.822807713670197671e+00
1.734723475976807094e-16
8.814274453341539584e+00
0.000000000000000000e+00
8.802875623694948359e+00
2.740863092043355209e-16
8.786032701016662116e+00
1.665334536937734811e-16
8.755280248237372831e+00
-5.898059818321144121e-17
8.634713493425696385e+00
-4.475586568020162304e-16
7.796280561159047551e+00
-2.081668171172168513e-16
7.028424915667457640e+00
2.428612866367529932e-17
6.891274364956439413e+00
3.816391647148975608e-17
6.885251574631790383e+00
-1.040834085586084257e-16
6.882344213284884660e+00
0.000000000000000000e+00
6.879818550384740661e+00
7.285838599102589797e-17
6.877273772442703326e+00
-6.938893903907228378e-18
6.874588849833743964e+00
3.469446951953614189e-18
6.871699528203205176e+00
-1.526556658859590243e-16
6.868551998692988825e+00
8.326672684688674053e-17
6.865087385822295829e+00
-1.422473250300981817e-16
6.861232387508611197e+00
-5.204170427930421283e-17
6.856889192966526991e+00
-1.214306433183764966e-16
6.851920409500815268e+00
-2.428612866367529932e-17
6.846122956208902544e+00
4.857225732735059864e-17
6.839177826250406156e+00
4.857225732735059864e-17
6.830542310213118640e+00
8.326672684688674053e-17
6.819182491940806834e+00
8.326672684688674053e-17
6.802745053495313776e+00
-2.081668171172168513e-16
6.773766296583870528e+00
-1.804112415015879378e-16
6.673186199218580583e+00
-5.967448757360216405e-16
5.828680190802788985e+00
1.804112415015879378e-16
5.214858242343217043e+00
-5.551115123125782702e-17
4.902057006007806805e+00
1.665334536937734811e-16
4.893307704779875422e+00
1.526556658859590243e-16
4.888855837269865390e+00
-1.665334536937734811e-16
4.884655039699630663e+00
1.804112415015879378e-16
4.880122781015794331e+00
-1.249000902703301108e-16
4.875006113754499992e+00
2.775557561562891351e-17
4.869065037451781208e+00
9.714451465470119729e-17
4.861971016118466160e+00
8.326672684688674053e-17
4.853193144466113829e+00
-1.387778780781445676e-17
4.841751161493460742e+00
1.110223024625156540e-16
4.825483639123727464e+00
-4.163336342344337027e-17
4.797864221735615331e+00
-4.163336342344337027e-17
4.714447252064475791e+00
2.914335439641035919e-16
3.869279296233605336e+00
-6.938893903907228378e-17
3.445453646866876163e+00
-6.245004513516505540e-17
2.916918041338494749e+00
0.000000000000000000e+00
2.902916869138143952e+00
-1.387778780781445676e-17
2.893766705625161251e+00
4.163336342344337027e-17
2.882806389969024607e+00
2.775557561562891351e-17
2.867338256445317590e+00
7.632783294297951215e-17
2.841115598446438462e+00
3.469446951953614189e-17
2.766571079241791686e+00
3.469446951953614189e-18
1.925784666274591217e+00
-2.255140518769849223e-17
1.431340351832651958e+00
-6.071532165918824830e-18
9.530891840396368275e-01
2.081668171172168513e-17
9.297524369569130087e-01
-2.255140518769849223e-17
8.747612452886384116e-01
3.903127820947815962e-18
8.258609630999569351e-02
1.436567878543293375e-18
4.174731819828313845e-03
4.912791094074941967e-20
1.087362867070002957e-03
-1.090554919589911687e-20
4.537933704922569606e-04
1.217609861678056737e-21
2.359845762268238882e-04
2.911675756186657416e-22
1.392498822445991887e-04
-9.264422860593909959e-23
8.916836900014002486e-05
2.779326858178172988e-22
6.046293772446032866e-05
-1.124965633072117638e-22
4.277191363907388881e-05
-1.191140082076359852e-22
3.126229731877113149e-05
5.624828165360588189e-23
2.345273366957164050e-05
3.308722450212110699e-24
1.797262640705644401e-05
-1.488925102595449815e-23
1.401987421205380720e-05
8.271806125530276749e-24
1.110256751410727155e-05
4.963083675318166049e-24
8.907122674067154155e-06
1.075334796318935977e-23
7.227023087928352352e-06
-4.963083675318166049e-24
5.922436349244362093e-06
-9.926167350636332098e-24
4.896386951811859087e-06
3.722312756488624537e-24
4.080201522957029211e-06
2.067951531382569187e-24
3.424346425547807266e-06
8.271806125530276749e-25
2.892505662522574692e-06
-1.240770918829541512e-24
2.457662779404862235e-06
6.203854594147707562e-25
2.099454192945900150e-06
1.240770918829541512e-24
1.802347749631778135e-06
-1.654361225106055350e-24
1.554367973328195482e-06
3.101927297073853781e-25
1.346190228827386064e-06
-1.861156378244312268e-24
1.170488045826827608e-06
-1.033975765691284594e-24
1.021456845432706920e-06
-1.654361225106055350e-24
8.944623175250778063e-07
-5.169878828456422968e-25
7.857780211309247779e-07
-4.652890945610780671e-25
6.923876122196820062e-07
-2.067951531382569187e-25
6.118344009575546199e-07
-1.033975765691284594e-25
5.421059259770112810e-07
1.033975765691284594e-25
4.815446835846638069e-07
2.584939414228211484e-26
4.287785666877475461e-07
-1.033975765691284594e-25
3.826662802576219244e-07
0.000000000000000000e+00
3.422542257072105296e-07
-1.292469707114105742e-25
3.067422325401231610e-07
1.809457589959748039e-25
2.754561620610916760e-07
-5.169878828456422968e-26
2.478258837021884183e-07
2.843433355651032632e-25
2.233674775515960087e-07
7.754818242684634452e-26
2.016687806649209961e-07
-1.421716677825516316e-25
1.823775935969353784e-07
-6.462348535570528710e-26
1.651919927994610212e-07
-2.584939414228211484e-26
1.498524667918486519e-07
-3.877409121342317226e-26
1.361351924767969398e-07
7.754818242684634452e-26
1.238466872463381848e-07
-3.877409121342317226e-26
1.128192369652864577e-07
3.877409121342317226e-26
1.029070999583390038e-07
5.816113682013475839e-26
9.398332406494131390e-08
-1.292469707114105742e-26
8.593706908667462759e-08
1.938704560671158613e-26
7.867134736851029128e-08
-3.877409121342317226e-26
7.210111151960014292e-08
-6.785465962349055145e-26
6.615163129198093291e-08
0.000000000000000000e+00
6.075711208981011128e-08
6.462348535570528710e-27
5.585951601413845209e-08
3.231174267785264355e-26
5.140755317575706605e-08
1.615587133892632177e-26
4.735581655715207912e-08
1.615587133892632177e-26
4.366403822969139864e-08
-1.292469707114105742e-26
4.029644843516028104e-08
3.877409121342317226e-26
3.722122208105153472e-08
-6.462348535570528710e-27
3.440999970308870232e-08
-6.462348535570528710e-27
3.183747201723137725e-08
6.462348535570528710e-27
2.948101889761800321e-08
1.454028420503368960e-26
2.732039504135599253e-08
-1.615587133892632177e-27
2.533745576805136004e-08
0.000000000000000000e+00
2.351591739370470265e-08
-1.454028420503368960e-26
2.184114744934528821e-08
-8.077935669463160887e-27
2.029998071243934911e-08
0.000000000000000000e+00
1.888055760639955235e-08
-4.038967834731580444e-27
1.757218201910677885e-08
8.077935669463160887e-28
1.636519601048194760e-08
1.615587133892632177e-27
1.525086923441462774e-08
0.000000000000000000e+00
1.422130120214219478e-08
7.270142102516844799e-27
1.326933477106285520e-08
0.000000000000000000e+00
1.238847946208905237e-08
-2.423380700838948266e-27
1.157284339592477412e-08
8.077935669463160887e-28
1.081707279901588029e-08
3.231174267785264355e-27
1.011629816750854587e-08
-1.615587133892632177e-27
9.466086295797548181e-09
2.423380700838948266e-27
8.862397478064385646e-09
-8.077935669463160887e-28
8.301547279021768371e-09
0.000000000000000000e+00
7.780172345950095960e-09
-4.038967834731580444e-28
7.295199799771795897e-09
8.077935669463160887e-28
6.843819799817669114e-09
2.827277484312106311e-27
6.423460926346307533e-09
2.019483917365790222e-27
6.031768067834174837e-09
2.827277484312106311e-27
5.666582537458448517e-09
1.413638742156053155e-27
5.325924175813283395e-09
-4.038967834731580444e-28
5.007975225383990513e-09
-4.038967834731580444e-28
4.711065787212383561e-09
-2.019483917365790222e-27
4.433660691999732027e-09
-8.077935669463160887e-28
4.174347637017429898e-09
-6.058451752097370666e-28
3.931826456989449697e-09
8.077935669463160887e-28
3.704899411869888877e-09
-2.625329092575527288e-27
3.492462387433029690e-09
-6.058451752097370666e-28
3.293496916042479451e-09
-3.029225876048685333e-28
3.107062935068014684e-09
-2.019483917365790222e-28
2.932292209342650047e-09
-9.087677628146055998e-28
2.768382351943542981e-09
-4.038967834731580444e-28
2.614591384566623153e-09
-3.029225876048685333e-28
2.470232784957262843e-09
-1.009741958682895111e-28
2.334670974352556702e-09
8.077935669463160887e-28
2.207317202770947230e-09
-6.058451752097370666e-28
2.087625794322703832e-09
2.524354896707237777e-28
1.975090718576089590e-09
2.019483917365790222e-28
1.869242457453917237e-09
9.087677628146055998e-28
1.769645140202197525e-09
5.048709793414475555e-28
1.675893921711001982e-09
4.543838814073027999e-28
1.587612581913367167e-09
-2.524354896707237777e-28
1.504451326175789387e-09
1.009741958682895111e-28
1.426084768551648160e-09
5.048709793414475555e-29
1.352210081522929848e-09
3.281661365719409111e-28
1.282545297428367888e-09
3.281661365719409111e-28
1.216827748187380855e-09
0.000000000000000000e+00
1.154812631196712174e-09
4.796274303743751777e-28
1.096271690416354807e-09
-3.029225876048685333e-28
1.040992002686010294e-09
2.271919407036514000e-28
9.887748602366655002e-10
0.000000000000000000e+00
9.394347411930456507e-10
1.009741958682895111e-28
8.927983606128739281e-10
-4.543838814073027999e-28
8.487037952852692873e-10
2.524354896707237777e-29
8.069996761220544791e-10
1.767048427695066444e-28
7.675444425277218293e-10
-4.922492048579113666e-28
7.302056536335329742e-10
-7.573064690121713332e-29
6.948593517332078918e-10
-5.048709793414475555e-29
6.613894736670780241e-10
1.767048427695066444e-28
6.296873062727215073e-10
0.000000000000000000e+00
5.996509823565696479e-10
-2.271919407036514000e-28
5.711850139463857180e-10
1.767048427695066444e-28
5.441998598619077175e-10
2.398137151871875888e-28
5.186115248928790779e-10
1.451504065606661722e-28
4.943411881029834789e-10
0.000000000000000000e+00
4.713148579865600197e-10
-6.310887241768094443e-29
4.494630523948907985e-10
-2.524354896707237777e-29
4.287205013217341147e-10
1.388395193188980778e-28
4.090258707953712163e-10
6.310887241768094443e-29
3.903215062682499998e-10
0.000000000000000000e+00
3.725531940264223630e-10
2.271919407036514000e-28
3.556699392608088791e-10
-3.155443620884047222e-29
3.396237595517224030e-10
-2.524354896707237777e-29
3.243694926181418138e-10
1.577721810442023611e-29
3.098646172747303849e-10
-1.640830682859704555e-28
2.960690866232995075e-10
-1.893266172530428333e-28
2.829451725820904294e-10
-1.262177448353618889e-29
2.704573209265032581e-10
5.679798517591284999e-29
2.585720160792172188e-10
1.577721810442023611e-29
2.472576549467513123e-10
8.204153414298522776e-29
2.364844291535972403e-10
6.468659422812296804e-29
2.262242150748377493e-10
-7.257520328033308610e-29
2.164504711137826030e-10
-2.839899258795642499e-29
2.071381417131155608e-10
6.941975965944903888e-29
1.982635676266393776e-10
-9.624103043696344026e-29
1.898044020141484604e-10
2.682127077751440138e-29
1.817395319546071184e-10
-3.470987982972451944e-29
1.740490050028771637e-10
-6.468659422812296804e-29
1.667139604428791144e-10
6.310887241768094443e-30
1.597165649156105620e-10
8.598583866909028679e-29
1.530399521239176984e-10
-1.341063538875720069e-29
1.466681663376101582e-10
5.758684608113386180e-29
1.405861094425130630e-10
3.944304526105059027e-29
1.347794912954903398e-10
9.071900410041635762e-29
1.292347831645532664e-10
4.733165431326070832e-30
1.239391740488819947e-10
-1.419949629397821250e-29
1.188805296881688740e-10
-4.733165431326070832e-29
1.140473540841271317e-10
-1.183291357831517708e-29
1.094287533694687262e-10
-3.392101892450350763e-29
1.050144018711662343e-10
1.577721810442023611e-30
1.007945102254725174e-10
-9.466330862652141665e-29
9.675979541203768997e-11
-5.916456789157588541e-29
9.290145258362470811e-11
2.761013168273541319e-30
8.921112857637099789e-11
-2.445468806185136597e-29
8.568089699343291219e-11
4.259848888193463749e-29
8.230323476210464200e-11
1.814380082008327152e-29
7.907100007128590843e-11
-2.682127077751440138e-29
7.597741160243198612e-11
-2.129924444096731875e-29
7.301602897295033979e-11
1.814380082008327152e-29
7.018073431641750360e-11
-1.183291357831517708e-29
6.746571492901349459e-11
-1.104405267309416528e-29
6.486544691624392393e-11
-4.733165431326070832e-30
6.237467977835897166e-11
-8.677469957431129860e-30
5.998842187692379475e-11
-7.099748146989106249e-30
5.770192672874750785e-11
3.155443620884047222e-30
5.551068007687387746e-11
1.341063538875720069e-29
5.341038769159965823e-11
9.466330862652141665e-30
5.139696385750599373e-11
1.498835719919922430e-29
