-5.256207417903052459e+00
-4.881981507219140468e-03
-5.275853999581903153e+00
-4.931676307988710345e-03
-5.295701403139324803e+00
-4.982297278727332128e-03
-5.315753387899949445e+00
-5.033870053701478345e-03
-5.336013817693674000e+00
-5.086421207726539787e-03
-5.356486664706596734e+00
-5.139978299088673007e-03
-5.377176013508460528e+00
-5.194569914809802139e-03
-5.398086065266241462e+00
-5.250225718404851957e-03
-5.419221142154222903e+00
-5.306976500291157167e-03
-5.440585691971468130e+00
-5.364854231021714409e-03
-5.462184292978388811e+00
-5.423892117526691106e-03
-5.484021658964843837e+00
-5.484124662561337335e-03
-5.506102644563016568e+00
-5.545587727573422776e-03
-5.528432250819205862e+00
-5.608318599219491024e-03
-5.551015631039682319e+00
-5.672356059776903839e-03
-5.573858096926631589e+00
-5.737740461717572016e-03
-5.596965125021529985e+00
-5.804513806730377673e-03
-5.620342363474279068e+00
-5.872719829501560525e-03
-5.643995639157866506e+00
-5.942404086587253081e-03
-5.667930965149627021e+00
-6.013614050739093941e-03
-5.692154548601710218e+00
-6.086399211073086242e-03
-5.716672799024996365e+00
-6.160811179504002352e-03
-5.741492337012422453e+00
-6.236903803902327757e-03
-5.766620003429627772e+00
-6.314733288469169883e-03
-5.792062869102884370e+00
-6.394358321866228274e-03
-5.817828245036487544e+00
-6.475840213683621213e-03
-5.843923693194254199e+00
-6.559243039878775820e-03
-5.870357037882395268e+00
-6.644633797874367753e-03
-5.897136377773914973e+00
-6.732082572064021497e-03
-5.924270098617807179e+00
-6.821662710540761683e-03
-5.951766886679730639e+00
-6.913451013936439821e-03
-5.979635742964568124e+00
-7.007527937340923135e-03
-6.007885998275300565e+00
-7.103977806358576300e-03
-6.036527329167107325e+00
-7.202889048457667212e-03
-6.065569774860364305e+00
-7.304354440876481905e-03
-6.095023755181578906e+00
-7.408471376469816932e-03
-6.124900089607066889e+00
-7.515342149012000164e-03
-6.155210017490542640e+00
-7.625074259619554068e-03
-6.185965219562776340e+00
-7.737780746119643158e-03
-6.217177840799076094e+00
-7.853580537371510767e-03
-6.248860514758957763e+00
-7.972598834749707736e-03
-6.281026389511398023e+00
-8.094967523221941255e-03
-6.313689155269525344e+00
-8.220825614704645873e-03
-6.346863073869745797e+00
-8.350319726658495673e-03
-6.380563010242838118e+00
-8.483604599197894919e-03
-6.414804466038342312e+00
-8.620843654338076339e-03
-6.449603615578800131e+00
-8.762209601394338812e-03
-6.484977344337353955e+00
-8.907885092987521264e-03
-6.520943290151090643e+00
-9.058063436603522312e-03
-6.557519887403238101e+00
-9.212949367209852594e-03
-6.594726414430768457e+00
-9.372759887059121942e-03
-6.632583044439741116e+00
-9.537725179515912921e-03
-6.671110900239744623e+00
-9.708089604543244933e-03
-6.710332113141086907e+00
-9.884112784390353471e-03
-6.750269886394580254e+00
-1.006607078905035271e-02
-6.790948563594435328e+00
-1.025425743222402840e-02
-6.832393702510234590e+00
-1.044898568985434123e-02
-6.874632154865269129e+00
-1.065058925481144822e-02
-6.917692152636345071e+00
-1.085942424303975098e-02
-6.961603401515136014e+00
-1.107587106845897562e-02
-7.006397182245038380e+00
-1.130033650618522331e-02
-7.052106460630723106e+00
-1.153325596624856647e-02
-7.098766007112298659e+00
-1.177509600299205331e-02
-7.146412526903617390e+00
-1.202635708880802658e-02
-7.195084801816662434e+00
-1.228757668488168406e-02
-7.244823845033936394e+00
-1.255933264626613380e-02
-7.295673070250604297e+00
-1.284224700402010477e-02
-7.347678476791462465e+00
-1.313699017343754674e-02
-7.400888852518423988e+00
-1.344428564475255022e-02
-7.455355996586515488e+00
-1.376491522131156192e-02
-7.511134964386310564e+00
-1.409972488031034643e-02
-7.568284337334254097e+00
-1.444963134308627564e-02
-7.626866520547897821e+00
-1.481562945599614392e-02
-7.686948095072308362e+00
-1.519880161266528446e-02
-7.748600094423991891e+00
-1.560032292863483896e-02
-7.811898534350016909e+00
-1.602147782540940674e-02
-7.876924782387163759e+00
-1.646366824534496731e-02
-7.943766077823648075e+00
-1.692842821715612178e-02
-8.012516090866238727e+00
-1.741743941373094517e-02
-8.083275548391899434e+00
-1.793254892411443729e-02
-8.156152935866675335e+00
-1.847578961148346050e-02
-8.231265286642130974e+00
-1.904940350133041416e-02
-8.308739071788128427e+00
-1.965586873259170947e-02
-8.388711205961982387e+00
-2.029793071316548375e-02
-8.471330187638930198e+00
-2.097863825537338300e-02
-8.556757395452137871e+00
-2.170138563316444807e-02
-8.645168566556684198e+00
-2.246996170995943509e-02
-8.736755488026791028e+00
-2.328860754538834149e-02
-8.831727938556593216e+00
-2.416208421575499754e-02
-8.930315925467247951e+00
-2.509575299665926795e-02
-9.032772271627395710e+00
-2.609567058320470118e-02
-9.139375618887775943e+00
-2.716870269898104609e-02
-9.250433929701809888e+00
-2.832266031739339579e-02
-9.366288587659990839e+00
-2.956646385312821507e-02
-9.487319221923714352e+00
-3.091034216730097206e-02
-9.613949411642574105e+00
-3.236607519159729468e-02
-9.746653466609561889e+00
-3.394729158895083004e-02
-9.885964532712131714e+00
-3.566983637796974915e-02
-1.003248433942290063e+01
-3.755222820899592473e-02
-1.018689499759452843e+01
-3.961623250338146274e-02
-1.034997337762062308e+01
-4.188758570517617241e-02
-1.052260876271059864e+01
-4.439691856183188706e-02
-1.070582469721100161e+01
-4.718094433006577576e-02
-1.090080626155000587e+01
-5.028400367030551321e-02
-1.110893444234331895e+01
-5.376009575758774334e-02
-1.133182988759595489e+01
-5.767558115318185963e-02
-1.157140923431702717e+01
-6.211282652064380183e-02
-1.182995851378059271e+01
-6.717519129115084864e-02
-1.211023011121546133e+01
-7.299396054813755974e-02
-1.241557276663745668e+01
-7.973815641347863081e-02
-1.275010880341303121e+01
-8.762870074827751321e-02
-1.311898029630416218e+01
-9.695931829504088328e-02
-1.352869828355788684e+01
-1.081281728935502562e-01
-1.398765019620737782e+01
-1.216871381835459565e-01
-1.450685781742394909e+01
-1.384211017483641948e-01
-1.510114634117505616e+01
-1.594805949773346332e-01
-1.579101677679904725e+01
-1.866138494785608004e-01
-1.660579154806997337e+01
-2.225975590477830002e-01
-1.758914676086263995e+01
-2.720778992330741275e-01
-1.880966588450130672e+01
-3.433918681564223085e-01
-2.038260184643394979e+01
-4.528944549960861599e-01
-2.252051652406709792e+01
-6.369000793779857617e-01
-2.567212777148881031e+01
-9.922161896277182924e-01
-3.101282457662205871e+01
-1.868111165645772953e+00
-4.314405016266819359e+01
-5.630873831999910095e+00
-4.148544864406658661e+01
-6.233696910872772179e+01
-6.937716791113416548e+00
-3.588933596435325057e+01
-4.565246585721789430e+00
-2.647832291462333387e+01
-3.900404067623037818e+00
-2.191736568145275044e+01
-3.615130242966289487e+00
-1.911568230553517012e+01
-3.466071437728058147e+00
-1.717565743335794082e+01
-3.379212793624759570e+00
-1.573161899784309270e+01
-3.325274111019647538e+00
-1.460348516366405036e+01
-3.290571818967810813e+00
-1.369106114066428148e+01
-3.268063397451848484e+00
-1.293358796700410807e+01
-3.253540873483327545e+00
-1.229184415389467944e+01
-3.244677217399258407e+00
-1.173923536204789286e+01
-3.239871082302892003e+00
-1.125697998351282969e+01
-3.238084472284254112e+00
-1.083140920837768739e+01
-3.238604102694314424e+00
-1.045230225519985900e+01
-3.240925514155334142e+00
-1.011184357189164373e+01
-3.244682951841322271e+00
-9.803941168089160385e+00
-3.249605548487592088e+00
-9.523767032410788147e+00
-3.255489290030809890e+00
-9.267439029042176202e+00
-3.262177339076267391e+00
-9.031795206281323374e+00
-3.269547797071808759e+00
-8.814231086689911621e+00
-3.277505623674365154e+00
-8.612578419227281401e+00
-3.285973745560567760e+00
-8.425017450308011746e+00
-3.294890594563809838e+00
-8.250005548483201778e+00
-3.304205625599639262e+00
-8.086228439233856591e+00
-3.313881736172877623e+00
-7.932554753418624927e+00
-3.323880210309135386e+00
-7.788009345549911089e+00
-3.334175713312804046e+00
-7.651739834813700014e+00
-3.344746704665523040e+00
-7.523004701752055823e+00
-3.355572847157255012e+00
-7.401147942150445580e+00
-3.366629807022746057e+00
-7.285599255497272608e+00
-3.377922780471296349e+00
-7.175845357963735793e+00
-3.389417477353045882e+00
-7.071436383045547558e+00
-3.401114933760496672e+00
-6.971954271900873579e+00
-3.413015651048830534e+00
-6.877042777883870528e+00
-3.425098724040213316e+00
-6.786375984107850812e+00
-3.437362950989071742e+00
-6.699656590738746864e+00
-3.449803239381257214e+00
-6.616617333100067277e+00
-3.462415296658318375e+00
-6.537015709443442013e+00
-3.475195522796453496e+00
-6.460631112261519426e+00
-3.488140920525408362e+00
-6.387262355716484485e+00
-3.501249019771171422e+00
-6.316725535823048077e+00
-3.514517813284526504e+00
-6.248852172000989746e+00
-3.527945703253287935e+00
-6.183487587139287811e+00
-3.541531454325188122e+00
-6.120489491004290628e+00
-3.555274154612409809e+00
-6.059726737042598010e+00
-3.569173182090150220e+00
-6.001078228846692397e+00
-3.583228175521965486e+00
-5.944431954092586068e+00
-3.597439008464940358e+00
-5.889684131651245380e+00
-3.611805770274651550e+00
-5.836738451348251644e+00
-3.626328744836993856e+00
-5.785505402098323202e+00
-3.641008395418549703e+00
-5.735901668005061182e+00
-3.655845351035446722e+00
-5.687849591937871097e+00
-3.670840393964556192e+00
-5.641276694328011487e+00
-3.685994450600869499e+00
-5.596115239980913536e+00
-3.701308578728602861e+00
-5.552301846846795286e+00
-3.716783963185795070e+00
-5.509777143680894440e+00
-3.732421906680437829e+00
-5.468485439660394576e+00
-3.748223827874980874e+00
-5.428374451609526474e+00
-3.764191249167105013e+00
-5.389395036808048545e+00
-3.780325797521474129e+00
-5.351500957019609039e+00
-3.796629199592791437e+00
-5.314648666237095753e+00
-3.813103278111179328e+00
-5.278797115820924368e+00
-3.829749951906197936e+00
-5.243907574996805820e+00
-3.846571229183767926e+00
-5.209943461748773430e+00
-3.863569199494139461e+00
-5.176870210140508632e+00
-3.880746059929976788e+00
-5.144655117286225376e+00
-3.898104068502670216e+00
-5.113267227352442212e+00
-3.915645592719181778e+00
-5.082677205313554936e+00
-3.933373074253953661e+00
-5.052857254770166229e+00
-3.951289035594055754e+00
-5.023780994042381209e+00
-3.969396090011415801e+00
-4.995423376619951839e+00
-3.987696935908473073e+00
-4.967760611162622908e+00
-4.006194355378319472e+00
-4.940770082251025208e+00
-4.024891214328882860e+00
-4.914430279655924494e+00
-4.043790465150379987e+00
-4.888720736190668603e+00
-4.062895156129061824e+00
-4.863621963124532321e+00
-4.082208420431439500e+00
-4.839115376984683969e+00
-4.101733457933715243e+00
-4.815183282317274660e+00
-4.121473602968475092e+00
-4.791808809425083027e+00
-4.141432236190674132e+00
-4.768975831988662151e+00
-4.161612876856719545e+00
-4.746668998918177174e+00
-4.182019090961354379e+00
-4.724873620503081462e+00
-4.202654590998951889e+00
-4.703575667364269464e+00
-4.223523162966348110e+00
-4.682761756661255603e+00
-4.244628688849751086e+00
-4.662419073793183877e+00
-4.265975168255961236e+00
-4.642535364001989961e+00
-4.287566708106124835e+00
-4.623098911877310258e+00
-4.309407521726212664e+00
-4.604098509087794611e+00
-4.331501933990955067e+00
-4.585523427606290170e+00
-4.353854385345517386e+00
-4.567363396993431301e+00
-4.376469434332490138e+00
-4.549608583235486670e+00
-4.399351759932077499e+00
-4.532249569746603868e+00
-4.422506166578103581e+00
-4.515277340354259650e+00
-4.445937591513521525e+00
-4.498683258644065930e+00
-4.469651103168306605e+00
-4.482459045532531938e+00
-4.493651900147108691e+00
-4.466596773882482552e+00
-4.517945330404775639e+00
-4.451088849941536196e+00
-4.542536874302592231e+00
-4.435927993186197682e+00
-4.567432178835976408e+00
-4.421107244875379649e+00
-4.592637024367206777e+00
-4.406619905733591303e+00
-4.618157371969880742e+00
-4.392459612434203464e+00
-4.643999315024786689e+00
-4.378620201593314221e+00
-4.670169172697640647e+00
-4.365095845478368375e+00
-4.696673345618942008e+00
-4.351880918588443947e+00
-4.723518522571863443e+00
-4.338970019419949864e+00
-4.750711523127909786e+00
-4.326358070294363145e+00
-4.778259313201491665e+00
-4.314040134468998033e+00
-4.806169138763901394e+00
-4.302011478716964987e+00
-4.834448454166091480e+00
-4.290267645966169496e+00
-4.863104878537634512e+00
-4.278804386249566605e+00
-4.892146243925127536e+00
-4.267617614506751700e+00
-4.921580630381343191e+00
-4.256703426077255159e+00
-4.951416366980081918e+00
-4.246058110915456041e+00
-4.981662028389361119e+00
-4.235678149414327187e+00
-5.012326440116487980e+00
-4.225560201953605599e+00
-5.043418689303714508e+00
-4.215701100498600695e+00
-5.074948136345581062e+00
-4.206097842702521739e+00
-5.106924424989699673e+00
-4.196747586991343759e+00
-5.139357489876855922e+00
-4.187647648947807610e+00
-5.172257562445768286e+00
-4.178795502373432669e+00
-5.205635182092537505e+00
-4.170188788696949089e+00
-5.239501225941445739e+00
-4.161825327597698632e+00
-5.273866957094949015e+00
-4.153703099636757656e+00
-5.308744040702889855e+00
-4.145820179022665641e+00
-5.344144459587504059e+00
-4.138174690967867164e+00
-5.380080426653092829e+00
-4.130764943624139818e+00
-5.416564574594463721e+00
-4.123589614591836039e+00
-5.453610265944284663e+00
-4.116647515551131065e+00
-5.491231269540362447e+00
-4.109937184043856107e+00
-5.529441283631836512e+00
-4.103457412669207827e+00
-5.568254782969956906e+00
-4.097207732111645129e+00
-5.607687290712739525e+00
-4.091187205534625448e+00
-5.647753895509820765e+00
-4.085394756863344412e+00
-5.688470530096482847e+00
-4.079830566617220988e+00
-5.729854494196665371e+00
-4.074493887432328876e+00
-5.771922153665281385e+00
-4.069384257025667750e+00
-5.814691849653824463e+00
-4.064502375292661895e+00
-5.858182038114252421e+00
-4.059847268261073339e+00
-5.902411250605391402e+00
-4.055420086528980228e+00
-5.947400279531075640e+00
-4.051220528834090118e+00
-5.993168416678905430e+00
-4.047249339066167906e+00
-6.039738263845019439e+00
-4.043507295251097311e+00
-6.087130588107399376e+00
-4.039994728170449356e+00
-6.135369562813689726e+00
-4.036713295114461530e+00
-6.184477746767926831e+00
-4.033663223637800499e+00
-6.234481047302860013e+00
-4.030846755475526955e+00
-6.285403868176999254e+00
-4.028264315400251760e+00
-6.337274198564555761e+00
-4.025918473823491439e+00
-6.390118298262439822e+00
-4.023810142966627978e+00
-6.443966578200940987e+00
-4.021941943888417192e+00
-6.498847303872077319e+00
-4.020315621692759578e+00
-6.554793476375829542e+00
-4.018933523997928248e+00
-6.611835809359383198e+00
-4.017798582006284924e+00
-6.670009782199024073e+00
-4.016912634635939838e+00
-6.729349333472518069e+00
-4.016279946030221204e+00
-6.789892109895101946e+00
-4.015901961160643907e+00
-6.851676174668307695e+00
-4.015783971985357859e+00
-6.914741184238296867e+00
-4.015927648870317945e+00
-6.979129927694733837e+00
-4.016338565434563357e+00
-7.044884488516890642e+00
-4.017019526969793475e+00
-7.112052395574716357e+00
-4.017975607640325464e+00
-7.180679242122887551e+00
-4.019211427376383483e+00
-7.250816901094099265e+00
-4.020731262510882864e+00
-7.322515837919447712e+00
-4.022541613249706494e+00
-7.395831998616375635e+00
-4.024646302179879953e+00
-7.470821845559184382e+00
-4.027053260590307993e+00
-7.547545671656302524e+00
-4.029766530854914208e+00
-7.626066621504372200e+00
-4.032794948810296987e+00
-7.706450172739405247e+00
-4.036143335077274408e+00
-7.788766570522443367e+00
-4.039821188393533546e+00
-7.873087652979156026e+00
-4.043834332131400089e+00
-7.959491176473891372e+00
-4.048193042245873841e+00
-8.048056699159030103e+00
-4.052904100649209695e+00
-8.138869985000715346e+00
-4.057978864739686387e+00
-8.232019903690801499e+00
-4.063425022863240699e+00
-8.327600767003556115e+00
-4.069255157059516570e+00
-8.425712612170894289e+00
-4.075478265000052502e+00
-8.526459147944244421e+00
-4.082107608909756991e+00
-8.629953071895094752e+00
-4.089154781955945950e+00
-8.736309852921564811e+00
-4.096632587042348561e+00
-8.845654712292123634e+00
-4.104556203911034373e+00
-8.958119180664070313e+00
-4.112938819880461949e+00
-9.073841394335847355e+00
-4.121796868304446804e+00
-9.192970243907844008e+00
-4.131147478035238407e+00
-9.315662642758969270e+00
-4.141007246503967565e+00
-9.442084493683829294e+00
-4.151395178969726985e+00
-9.572413465549454159e+00
-4.162331882424711083e+00
-9.706838920498443102e+00
-4.173838386426268698e+00
-9.845562053098152688e+00
-4.185936966709411067e+00
-9.988797392690042187e+00
-4.198651791906780062e+00
-1.013677431797000850e+01
-4.212008808737314425e+00
-1.028973824298716622e+01
-4.226035636435597986e+00
-1.044795187946689552e+01
-4.240761714366183099e+00
-1.061169675813843227e+01
-4.256218536369754446e+00
-1.078127497266061141e+01
-4.272439870518967453e+00
-1.095701110769429221e+01
-4.289461967464528236e+00
-1.113925436286401194e+01
-4.307323768563628974e+00
-1.132838093577230154e+01
-4.326067102066293302e+00
-1.152479678594141888e+01
-4.345736912597772061e+00
-1.172894077224881748e+01
-4.366381743282381045e+00
-1.194128770500956449e+01
-4.388054397780419613e+00
-1.216235164660955093e+01
-4.410811714884792067e+00
-1.239269141539838870e+01
-4.434714624542063000e+00
-1.263291487155567339e+01
-4.459830482346061942e+00
-1.288368340294238479e+01
-4.486231380969006644e+00
-1.314572019681218862e+01
-4.513996692135693323e+00
-1.341981521053878623e+01
-4.543212200693088398e+00
-1.370683473634769456e+01
-4.573972603028344963e+00
-1.400773043458670131e+01
-4.606381029356032997e+00
-1.432354960623824525e+01
-4.640550879688403185e+00
-1.465544802258306767e+01
-4.676607162141474205e+00
-1.500470428618114838e+01
-4.714687830756678188e+00
-1.537273651908635941e+01
-4.754945551195387310e+00
-1.576112197060963993e+01
-4.797549786475284961e+00
-1.617161999203613476e+01
-4.842689327268494992e+00
-1.660619887850184995e+01
-4.890575093256200212e+00
-1.706706826503524610e+01
-4.941443311575127950e+00
-1.755671694021349083e+01
-4.995560126456737748e+00
-1.807795860573842361e+01
-5.053225927322434252e+00
-1.863398645770678996e+01
-5.114781597695172266e+00
-1.922843960954102016e+01
-5.180615619784814996e+00
-1.986548367460731868e+01
-5.251172841746917008e+00
-2.054990957997605250e+01
-5.326965375030484395e+00
-2.128725541864534776e+01
-5.408586138211271432e+00
-2.208395810510789659e+01
-5.496725722660880109e+00
-2.294754336911088899e+01
-5.592193993195134993e+00
-2.388686618360506486e+01
-5.695947505836402414e+00
-2.491241775242112055e+01
-5.809125082943236151e+00
-2.603672174975063314e+01
-5.933094378686122106e+00
-2.727485149431508304e+01
-6.069513635756999648e+00
-2.864511354997611292e+01
-6.220414786752806791e+00
-3.016996363529931813e+01
-6.388317073450454409e+00
-3.187725255263991642e+01
-6.576385131424069996e+00
-3.380194964120654788e+01
-6.788653269311474503e+00
-3.598857182280694644e+01
-7.030350703547796343e+00
-3.849467980238284781e+01
-7.308384948033798345e+00
-4.139603141644162321e+01
-7.632080647985208799e+00
-4.479438735377644321e+01
-8.014351858149479924e+00
-4.882970291593053958e+01
-8.473577012457065294e+00
-5.369991030076828054e+01
-9.036943762621485021e+00
-5.969435589415165566e+01
-9.746231707932338395e+00
-6.725341148965409843e+01
-1.066914072986223516e+01
-7.708166688480073958e+01
-1.192252920079009826e+01
-9.038057686306349581e+01
-1.372536069280520366e+01
-1.093786662766947444e+02
-1.653524760453776565e+01
-1.387206289895276541e+02
-2.146687857014620349e+01
-1.899174265938736994e+02
-3.194593849487949910e+01
-3.009659504030905168e+02
-6.373444207171822740e+01
-6.860277524470519666e+02
-3.022663159711048593e+02
9.524874587079314097e+02
-6.242062372599252740e+02
3.683045167698255682e+02
-6.559091171238890183e+01
2.201973627203042838e+02
-2.264645741675685287e+01
1.570194957729363523e+02
-1.135361923288467878e+01
1.221095530363378714e+02
-6.812150709386644465e+00
9.995543366049597012e+01
-4.542876360599903407e+00
8.463202114665514841e+01
-3.247942595224738938e+00
7.339170090692604731e+01
-2.439524139340830011e+00
6.478690714018469521e+01
-1.900961455371946052e+00
5.798261795352189552e+01
-1.524089388850223381e+00
5.246329281556023005e+01
-1.250001075730424516e+00
4.789336195170631072e+01
-1.044382387417668534e+00
4.404495410298410718e+01
-8.861417737988155352e-01
4.075786884457404113e+01
-7.617332019361584550e-01
3.791617098564397281e+01
-6.621326012885635492e-01
3.543387455848150580e+01
-5.811393005572127457e-01
3.324584780830869590e+01
-5.143780199626974969e-01
3.130184455540703681e+01
-4.586895895966988101e-01
2.956247573530373529e+01
-4.117464721165730035e-01
2.799642290270629275e+01
-3.718030355419202904e-01
2.657846865623235999e+01
-3.375291705112588581e-01
2.528807747160159280e+01
-3.078969048071836800e-01
2.410835539786641846e+01
-2.821015587074594544e-01
2.302527558645005712e+01
-2.595059146502818326e-01
2.202709359768645925e+01
-2.396000292025127765e-01
2.110390032919421088e+01
-2.219718700136910916e-01
2.024727617865374185e+01
-2.062855678634035739e-01
1.945002065276658243e+01
-1.922651066301277467e-01
1.870593888122351700e+01
-1.796819502564843130e-01
1.800967152756220457e+01
-1.683455564030054141e-01
1.735655813484694221e+01
-1.580960316118882880e-01
1.674252647587957554e+01
-1.487983925022711151e-01
1.616400230762926782e+01
-1.403380436270050269e-01
1.561783526749349349e+01
-1.326171857284419442e-01
1.510123763764394411e+01
-1.255519417621215328e-01
1.461173328982723874e+01
-1.190700327044212081e-01
1.414711577112360530e+01
-1.131089354462688490e-01
1.370541153945939072e+01
-1.076142932044077405e-01
1.328485047892663928e+01
-1.025386983176792832e-01
1.288384008881771692e+01
-9.784064332842036527e-02
1.250094364914034628e+01
-9.348365994456452055e-02
1.213486153447517246e+01
-8.943560127009014815e-02
1.178441515840829545e+01
-8.566804067514731391e-02
1.144853312591798655e+01
-8.215576612124142475e-02
1.112623924700216804e+01
-7.887635299130635325e-02
1.081664212573301498e+01
-7.580980178865602548e-02
1.051892608804351426e+01
-7.293822967804391988e-02
1.023234325136690614e+01
-7.024560690790349060e-02
9.956206571683612339e+00
-6.771753079728277946e-02
9.689883730070015133e+00
-6.534103128669627170e-02
9.432791742657826717e+00
-6.310440310999451685e-02
9.184392195918334778e+00
-6.099706049892097970e-02
8.944187024107131734e+00
-5.900941102546088113e-02
8.711714758119395441e+00
-5.713274575221118090e-02
8.486547185372021573e+00
-5.535914332345330535e-02
8.268286369015957149e+00
-5.368138600955407735e-02
8.056561982087831808e+00
-5.209288603067389889e-02
7.851028918372595200e+00
-5.058762074513252494e-02
7.651365146965979136e+00
-4.916007550324862779e-02
7.457269781953394627e+00
-4.780519314705375389e-02
7.268461342393214508e+00
-4.651832928646777721e-02
7.084676181011808183e+00
-4.529521260850907782e-02
6.905667062774524467e+00
-4.413190958212848819e-02
6.731201876864000511e+00
-4.302479301073011686e-02
6.561062467633766992e+00
-4.197051396016531627e-02
6.395043571863352483e+00
-4.096597665425828760e-02
6.232951851160988710e+00
-4.000831598460963257e-02
6.074605009678054834e+00
-3.909487732808508698e-02
5.919830988444731545e+00
-3.822319840530662149e-02
5.768467228633078037e+00
-3.739099294767658788e-02
5.620359996924213064e+00
-3.659613596987465467e-02
5.475363766916856889e+00
-3.583665047009321897e-02
5.333340651180961345e+00
-3.511069540214280249e-02
5.194159879145590963e+00
-3.441655478247621081e-02
5.057697316524304654e+00
-3.375262781157672975e-02
4.923835022435078201e+00
-3.311741990340290320e-02
4.792460840771635588e+00
-3.250953452898081020e-02
4.663468022736872776e+00
-3.192766579104684699e-02
4.536754877762515292e+00
-3.137059165609332873e-02
4.412224450316680091e+00
-3.083716777843607121e-02
4.289784220348270338e+00
-3.032632185817555476e-02
4.169345825336522537e+00
-2.983704848129133114e-02
4.050824802109774581e+00
-2.936840439571247741e-02
3.934140346772424301e+00
-2.891950418214641466e-02
3.819215091234770654e+00
-2.848951628280600029e-02
3.705974894980448298e+00
-2.807765935502995469e-02
3.594348650831121539e+00
-2.768319892020330852e-02
3.484268103580340892e+00
-2.730544428141076091e-02
3.375667680469597087e+00
-2.694374568594362293e-02
3.268484332569944861e+00
-2.659749171117047756e-02
3.162657386214587696e+00
-2.626610685441124055e-02
3.058128403701258602e+00
-2.594904930935214987e-02
2.954841052549642022e+00
-2.564580891323514980e-02
2.852740982659341729e+00
-2.535590525057177663e-02
2.751775710767829786e+00
-2.507888590048908128e-02
2.651894511657302722e+00
-2.481432481603367685e-02
2.553048315603544616e+00
-2.456182082485212220e-02
2.455189611600521182e+00
-2.432099624165046797e-02
2.358272355930902009e+00
-2.409149558371926833e-02
2.262251885685942376e+00
-2.387298438160886938e-02
2.167084836868544251e+00
-2.366514807775987189e-02
2.072729066740550685e+00
-2.346769100654415990e-02
1.979143580100586775e+00
-2.328033544976096381e-02
1.886288459201322931e+00
-2.310282076216677721e-02
1.794124797035795194e+00
-2.293490256210174022e-02
1.702614633741412309e+00
-2.277635198271651257e-02
1.611720895887247540e+00
-2.262695497970348274e-02
1.521407338426060907e+00
-2.248651169180351794e-02
1.431638489106669798e+00
-2.235483585069167334e-02
1.342379595155180461e+00
-2.223175423715242557e-02
1.253596572045613478e+00
-2.211710618073450124e-02
1.165255954190881127e+00
-2.201074310033330345e-02
1.077324847395113139e+00
-2.191252808338569821e-02
9.897708829169367117e-01
-2.182233550158215601e-02
9.025621730013517752e-01
-2.174005066120150709e-02
8.156672677451517472e-01
-2.166556948636484681e-02
7.290551131670716112e-01
-2.159879823367773927e-02
6.426950103599458064e-01
-2.153965323689523148e-02
5.565565756070478542e-01
-2.148806068039769285e-02
4.706097013494318637e-01
-2.144395640040850509e-02
3.848245178952401924e-01
-2.140728571302613972e-02
2.991713557651211053e-01
-2.137800326826717889e-02
2.136207085711121501e-01
-2.135607292944689123e-02
1.281431963286783215e-01
-2.134146767733794553e-02
4.270952910347967924e-02
-2.133416953867458762e-02
-4.270952910348835285e-02
-2.133416953867769972e-02
-1.281431963286783215e-01
-2.134146767733794553e-02
-2.136207085711121501e-01
-2.135607292944689123e-02
-2.991713557651211053e-01
-2.137800326826717889e-02
-3.848245178952351964e-01
-2.140728571302632360e-02
-4.706097013494388026e-01
-2.144395640040847734e-02
-5.565565756070478542e-01
-2.148806068039769285e-02
-6.426950103599458064e-01
-2.153965323689523148e-02
-7.290551131670668372e-01
-2.159879823367781559e-02
-8.156672677451451969e-01
-2.166556948636487456e-02
-9.025621730013565491e-01
-2.174005066120155566e-02
-9.897708829169367117e-01
-2.182233550158215601e-02
-1.077324847395113139e+00
-2.191252808338569821e-02
-1.165255954190877130e+00
-2.201074310033330692e-02
-1.253596572045607260e+00
-2.211710618073454288e-02
-1.342379595155185790e+00
-2.223175423715246027e-02
-1.431638489106669798e+00
-2.235483585069167334e-02
-1.521407338426060907e+00
-2.248651169180351794e-02
-1.611720895887242433e+00
-2.262695497970346886e-02
-1.702614633741408090e+00
-2.277635198271649869e-02
-1.794124797035799190e+00
-2.293490256210176451e-02
-1.886288459201322931e+00
-2.310282076216677721e-02
-1.979143580100586775e+00
-2.328033544976096381e-02
-2.072729066740546244e+00
-2.346769100654415990e-02
-2.167084836868538034e+00
-2.366514807775986495e-02
-2.262251885685947705e+00
-2.387298438160887631e-02
-2.358272355930902009e+00
-2.409149558371926833e-02
-2.455189611600521182e+00
-2.432099624165046797e-02
-2.553048315603539731e+00
-2.456182082485209792e-02
-2.651894511657296505e+00
-2.481432481603365603e-02
-2.751775710767835115e+00
-2.507888590048910210e-02
-2.852740982659341729e+00
-2.535590525057177663e-02
-2.954841052549642022e+00
-2.564580891323514980e-02
-3.058128403701252829e+00
-2.594904930935213599e-02
-3.162657386214582367e+00
-2.626610685441121973e-02
-3.268484332569944861e+00
-2.659749171117047756e-02
-3.375667680469597087e+00
-2.694374568594362293e-02
-3.484268103580340892e+00
-2.730544428141076091e-02
-3.594348650831115322e+00
-2.768319892020329118e-02
-3.705974894980442524e+00
-2.807765935502993387e-02
-3.819215091234770654e+00
-2.848951628280600029e-02
-3.934140346772424301e+00
-2.891950418214641466e-02
-4.050824802109774581e+00
-2.936840439571247741e-02
-4.169345825336515432e+00
-2.983704848129130338e-02
-4.289784220348264121e+00
-3.032632185817552353e-02
-4.412224450316680091e+00
-3.083716777843607121e-02
-4.536754877762515292e+00
-3.137059165609332873e-02
-4.663468022736872776e+00
-3.192766579104684699e-02
-4.792460840771627595e+00
-3.250953452898078244e-02
-4.923835022435085307e+00
-3.311741990340294484e-02
-5.057697316524304654e+00
-3.375262781157672975e-02
-5.194159879145590963e+00
-3.441655478247621081e-02
-5.333340651180961345e+00
-3.511069540214280249e-02
-5.475363766916848896e+00
-3.583665047009317040e-02
-5.620359996924221946e+00
-3.659613596987469630e-02
-5.768467228633078037e+00
-3.739099294767658788e-02
-5.919830988444731545e+00
-3.822319840530662149e-02
-6.074605009678054834e+00
-3.909487732808508698e-02
-6.232951851160981604e+00
-4.000831598460957012e-02
-6.395043571863361365e+00
-4.096597665425832924e-02
-6.561062467633766992e+00
-4.197051396016531627e-02
-6.731201876864000511e+00
-4.302479301073011686e-02
-6.905667062774524467e+00
-4.413190958212848819e-02
-7.084676181011797524e+00
-4.529521260850900843e-02
-7.268461342393223390e+00
-4.651832928646783272e-02
-7.457269781953394627e+00
-4.780519314705375389e-02
-7.651365146965979136e+00
-4.916007550324862779e-02
-7.851028918372595200e+00
-5.058762074513252494e-02
-8.056561982087819374e+00
-5.209288603067380174e-02
-8.268286369015967807e+00
-5.368138600955415368e-02
-8.486547185372021573e+00
-5.535914332345330535e-02
-8.711714758119395441e+00
-5.713274575221118090e-02
-8.944187024107117523e+00
-5.900941102546076317e-02
-9.184392195918324120e+00
-6.099706049892088255e-02
-9.432791742657840928e+00
-6.310440310999462787e-02
-9.689883730070015133e+00
-6.534103128669627170e-02
-9.956206571683612339e+00
-6.771753079728277946e-02
-1.023234325136689549e+01
-7.024560690790340733e-02
-1.051892608804349472e+01
-7.293822967804376722e-02
-1.081664212573302919e+01
-7.580980178865615038e-02
-1.112623924700216804e+01
-7.887635299130635325e-02
-1.144853312591798655e+01
-8.215576612124142475e-02
-1.178441515840827591e+01
-8.566804067514707799e-02
-1.213486153447515115e+01
-8.943560127008995386e-02
-1.250094364914036404e+01
-9.348365994456471484e-02
-1.288384008881771692e+01
-9.784064332842036527e-02
-1.328485047892663928e+01
-1.025386983176792832e-01
-1.370541153945936230e+01
-1.076142932044074074e-01
-1.414711577112357688e+01
-1.131089354462685159e-01
-1.461173328982726716e+01
-1.190700327044215967e-01
-1.510123763764394411e+01
-1.255519417621215328e-01
-1.561783526749349349e+01
-1.326171857284419442e-01
-1.616400230762923940e+01
-1.403380436270045550e-01
-1.674252647587954357e+01
-1.487983925022707266e-01
-1.735655813484697774e+01
-1.580960316118888431e-01
-1.800967152756220457e+01
-1.683455564030054141e-01
-1.870593888122351700e+01
-1.796819502564843130e-01
-1.945002065276654335e+01
-1.922651066301270528e-01
-2.024727617865368856e+01
-2.062855678634025747e-01
-2.110390032919421088e+01
-2.219718700136910916e-01
-2.202709359768645925e+01
-2.396000292025127765e-01
-2.302527558645005712e+01
-2.595059146502818326e-01
-2.410835539786634740e+01
-2.821015587074580111e-01
-2.528807747160152175e+01
-3.078969048071821257e-01
-2.657846865623235999e+01
-3.375291705112588581e-01
-2.799642290270629275e+01
-3.718030355419202904e-01
-2.956247573530373529e+01
-4.117464721165730035e-01
-3.130184455540693733e+01
-4.586895895966962566e-01
-3.324584780830880959e+01
-5.143780199627008276e-01
-3.543387455848150580e+01
-5.811393005572127457e-01
-3.791617098564397281e+01
-6.621326012885635492e-01
-4.075786884457404113e+01
-7.617332019361584550e-01
-4.404495410298392244e+01
-8.861417737988086518e-01
-4.789336195170655230e+01
-1.044382387417678970e+00
-5.246329281556023005e+01
-1.250001075730424516e+00
-5.798261795352189552e+01
-1.524089388850223381e+00
-6.478690714018469521e+01
-1.900961455371946052e+00
-7.339170090692549309e+01
-2.439524139340792708e+00
-8.463202114665580211e+01
-3.247942595224790008e+00
-9.995543366049597012e+01
-4.542876360599903407e+00
-1.221095530363378714e+02
-6.812150709386644465e+00
-1.570194957729363523e+02
-1.135361923288467878e+01
-2.201973627202989405e+02
-2.264645741675572310e+01
-3.683045167698393243e+02
-6.559091171239401774e+01
-9.524874587079314097e+02
-6.242062372599252740e+02
6.860277524470519666e+02
-3.022663159711048593e+02
3.009659504030905168e+02
-6.373444207171822740e+01
1.899174265938774511e+02
-3.194593849488020609e+01
1.387206289895256077e+02
-2.146687857014580203e+01
1.093786662766947444e+02
-1.653524760453776565e+01
9.038057686306349581e+01
-1.372536069280520366e+01
7.708166688480073958e+01
-1.192252920079009826e+01
6.725341148965458160e+01
-1.066914072986228135e+01
5.969435589415128618e+01
-9.746231707932288657e+00
5.369991030076828054e+01
-9.036943762621485021e+00
4.882970291593053958e+01
-8.473577012457065294e+00
4.479438735377662795e+01
-8.014351858149501240e+00
4.139603141644179374e+01
-7.632080647985225674e+00
3.849467980238268439e+01
-7.308384948033767259e+00
3.598857182280694644e+01
-7.030350703547796343e+00
3.380194964120654788e+01
-6.788653269311474503e+00
3.187725255264016511e+01
-6.576385131424048680e+00
3.016996363529982261e+01
-6.388317073446039274e+00
2.864511354997834403e+01
-6.220414786754480119e+00
2.727485149431508304e+01
-6.069513635756999648e+00
2.603672174975063314e+01
-5.933094378686122106e+00
2.491241775242116319e+01
-5.809125082943244145e+00
2.388686618360510749e+01
-5.695947505836404190e+00
2.294754336911083925e+01
-5.592193993195131441e+00
2.208395810510789659e+01
-5.496725722660880109e+00
2.128725541864534776e+01
-5.408586138211271432e+00
2.054990957997596013e+01
-5.326965375030408900e+00
1.986548367460737552e+01
-5.251172841746935660e+00
1.922843960954098463e+01
-5.180615619784814108e+00
1.863398645770678996e+01
-5.114781597695172266e+00
1.807795860573842361e+01
-5.053225927322434252e+00
1.755671694021352636e+01
-4.995560126456745742e+00
1.706706826503527097e+01
-4.941443311575129727e+00
1.660619887850182863e+01
-4.890575093256199324e+00
1.617161999203613476e+01
-4.842689327268494992e+00
1.576112197060963993e+01
-4.797549786475284961e+00
1.537273651908627592e+01
-4.754945551195289610e+00
1.500470428618027441e+01
-4.714687830756643550e+00
1.465544802258306767e+01
-4.676607162141474205e+00
1.432354960623824525e+01
-4.640550879688403185e+00
1.400773043458670131e+01
-4.606381029356032997e+00
1.370683473634770877e+01
-4.573972603028341410e+00
1.341981521053880044e+01
-4.543212200693078628e+00
1.314572019681218862e+01
-4.513996692135693323e+00
1.288368340294238479e+01
-4.486231380969006644e+00
1.263291487155567339e+01
-4.459830482346061942e+00
1.239269141539839936e+01
-4.434714624542063888e+00
1.216235164660966994e+01
-4.410811714884784074e+00
1.194128770500956449e+01
-4.388054397780419613e+00
1.172894077224881748e+01
-4.366381743282381045e+00
1.152479678594141888e+01
-4.345736912597772061e+00
1.132838093577231042e+01
-4.326067102066292414e+00
1.113925436286399595e+01
-4.307323768563628974e+00
1.095701110769429221e+01
-4.289461967464528236e+00
1.078127497266061141e+01
-4.272439870518967453e+00
1.061169675813843227e+01
-4.256218536369754446e+00
1.044795187946690440e+01
-4.240761714366184876e+00
1.028973824298715556e+01
-4.226035636435572229e+00
1.013677431797000850e+01
-4.212008808737314425e+00
9.988797392690042187e+00
-4.198651791906780062e+00
9.845562053098152688e+00
-4.185936966709411067e+00
9.706838920498704226e+00
-4.173838386426128366e+00
9.572413465549427514e+00
-4.162331882424684437e+00
9.442084493683829294e+00
-4.151395178969726985e+00
9.315662642758969270e+00
-4.141007246503967565e+00
9.192970243907844008e+00
-4.131147478035238407e+00
9.073841394335863342e+00
-4.121796868304492989e+00
8.958119180664095182e+00
-4.112938819880537444e+00
8.845654712292123634e+00
-4.104556203911034373e+00
8.736309852921564811e+00
-4.096632587042348561e+00
8.629953071895094752e+00
-4.089154781955945950e+00
8.526459147944258632e+00
-4.082107608909630869e+00
8.425712612170915605e+00
-4.075478265000011646e+00
8.327600767003556115e+00
-4.069255157059516570e+00
8.232019903690801499e+00
-4.063425022863240699e+00
8.138869985000717122e+00
-4.057978864739679281e+00
8.048056699159035432e+00
-4.052904100649209695e+00
7.959491176473896701e+00
-4.048193042245880946e+00
7.873087652979156026e+00
-4.043834332131400089e+00
7.788766570522443367e+00
-4.039821188393533546e+00
7.706450172739412352e+00
-4.036143335077278849e+00
7.626066621504376641e+00
-4.032794948810296987e+00
7.547545671656290978e+00
-4.029766530854910656e+00
7.470821845559184382e+00
-4.027053260590307993e+00
7.395831998616375635e+00
-4.024646302179879953e+00
7.322515837919448600e+00
-4.022541613249703829e+00
7.250816901094115252e+00
-4.020731262510878423e+00
7.180679242122889328e+00
-4.019211427376385259e+00
7.112052395574716357e+00
-4.017975607640325464e+00
7.044884488516890642e+00
-4.017019526969793475e+00
6.979129927694739166e+00
-4.016338565434564245e+00
6.914741184238300420e+00
-4.015927648870317945e+00
6.851676174668305919e+00
-4.015783971985360523e+00
6.789892109895101946e+00
-4.015901961160643907e+00
6.729349333472518069e+00
-4.016279946030221204e+00
6.670009782199025850e+00
-4.016912634635923851e+00
6.611835809359384086e+00
-4.017798582006293806e+00
6.554793476375840200e+00
-4.018933523997928248e+00
6.498847303872077319e+00
-4.020315621692759578e+00
6.443966578200940987e+00
-4.021941943888417192e+00
6.390118298262441598e+00
-4.023810142966627978e+00
6.337274198564553096e+00
-4.025918473823491439e+00
6.285403868176999254e+00
-4.028264315400251760e+00
6.234481047302860013e+00
-4.030846755475526955e+00
6.184477746767926831e+00
-4.033663223637800499e+00
6.135369562813693278e+00
-4.036713295114461530e+00
6.087130588107395823e+00
-4.039994728170450244e+00
6.039738263845019439e+00
-4.043507295251097311e+00
5.993168416678905430e+00
-4.047249339066167906e+00
5.947400279531075640e+00
-4.051220528834090118e+00
5.902411250605402060e+00
-4.055420086528982893e+00
5.858182038114248869e+00
-4.059847268261071562e+00
5.814691849653824463e+00
-4.064502375292661895e+00
5.771922153665281385e+00
-4.069384257025667750e+00
5.729854494196665371e+00
-4.074493887432328876e+00
5.688470530096486399e+00
-4.079830566617219212e+00
5.647753895509818989e+00
-4.085394756863344412e+00
5.607687290712739525e+00
-4.091187205534625448e+00
5.568254782969956906e+00
-4.097207732111645129e+00
5.529441283631836512e+00
-4.103457412669207827e+00
5.491231269540358895e+00
-4.109937184043861436e+00
5.453610265944280222e+00
-4.116647515551133729e+00
5.416564574594463721e+00
-4.123589614591836039e+00
5.380080426653092829e+00
-4.130764943624139818e+00
5.344144459587504059e+00
-4.138174690967867164e+00
5.308744040702890743e+00
-4.145820179022666530e+00
5.273866957094947239e+00
-4.153703099636757656e+00
5.239501225941445739e+00
-4.161825327597698632e+00
5.205635182092537505e+00
-4.170188788696949089e+00
5.172257562445768286e+00
-4.178795502373432669e+00
5.139357489876856810e+00
-4.187647648947807610e+00
5.106924424989699673e+00
-4.196747586991343759e+00
5.074948136345581062e+00
-4.206097842702521739e+00
5.043418689303714508e+00
-4.215701100498600695e+00
5.012326440116487980e+00
-4.225560201953605599e+00
4.981662028389361119e+00
-4.235678149414328075e+00
4.951416366980081918e+00
-4.246058110915456041e+00
4.921580630381343191e+00
-4.256703426077255159e+00
4.892146243925127536e+00
-4.267617614506751700e+00
4.863104878537634512e+00
-4.278804386249566605e+00
4.834448454166091480e+00
-4.290267645966169496e+00
4.806169138763901394e+00
-4.302011478716964987e+00
4.778259313201491665e+00
-4.314040134468998033e+00
4.750711523127909786e+00
-4.326358070294363145e+00
4.723518522571863443e+00
-4.338970019419949864e+00
4.696673345618942008e+00
-4.351880918588443947e+00
4.670169172697640647e+00
-4.365095845478368375e+00
4.643999315024786689e+00
-4.378620201593314221e+00
4.618157371969880742e+00
-4.392459612434203464e+00
4.592637024367206777e+00
-4.406619905733591303e+00
4.567432178835976408e+00
-4.421107244875379649e+00
4.542536874302592231e+00
-4.435927993186197682e+00
4.517945330404775639e+00
-4.451088849941536196e+00
4.493651900147108691e+00
-4.466596773882482552e+00
4.469651103168306605e+00
-4.482459045532531938e+00
4.445937591513522413e+00
-4.498683258644064153e+00
4.422506166578103581e+00
-4.515277340354259650e+00
4.399351759932077499e+00
-4.532249569746603868e+00
4.376469434332490138e+00
-4.549608583235486670e+00
4.353854385345517386e+00
-4.567363396993431301e+00
4.331501933990956843e+00
-4.585523427606288394e+00
4.309407521726212664e+00
-4.604098509087794611e+00
4.287566708106124835e+00
-4.623098911877310258e+00
4.265975168255961236e+00
-4.642535364001989961e+00
4.244628688849751086e+00
-4.662419073793183877e+00
4.223523162966349886e+00
-4.682761756661254715e+00
4.202654590998951889e+00
-4.703575667364269464e+00
4.182019090961354379e+00
-4.724873620503081462e+00
4.161612876856719545e+00
-4.746668998918177174e+00
4.141432236190674132e+00
-4.768975831988662151e+00
4.121473602968476868e+00
-4.791808809425083027e+00
4.101733457933715243e+00
-4.815183282317274660e+00
4.082208420431439500e+00
-4.839115376984683969e+00
4.062895156129061824e+00
-4.863621963124532321e+00
4.043790465150379987e+00
-4.888720736190665050e+00
4.024891214328885525e+00
-4.914430279655928047e+00
4.006194355378319472e+00
-4.940770082251025208e+00
3.987696935908473073e+00
-4.967760611162622908e+00
3.969396090011415801e+00
-4.995423376619951839e+00
3.951289035594055754e+00
-5.023780994042379433e+00
3.933373074253950996e+00
-5.052857254770168893e+00
3.915645592719181778e+00
-5.082677205313554936e+00
3.898104068502670216e+00
-5.113267227352442212e+00
3.880746059929976788e+00
-5.144655117286225376e+00
3.863569199494136797e+00
-5.176870210140505080e+00
3.846571229183761709e+00
-5.209943461748775206e+00
3.829749951906197936e+00
-5.243907574996805820e+00
3.813103278111179328e+00
-5.278797115820924368e+00
3.796629199592791437e+00
-5.314648666237095753e+00
3.780325797521470577e+00
-5.351500957019604598e+00
3.764191249167109898e+00
-5.389395036808052097e+00
3.748223827874980874e+00
-5.428374451609526474e+00
3.732421906680437829e+00
-5.468485439660394576e+00
3.716783963185795070e+00
-5.509777143680894440e+00
3.701308578728597531e+00
-5.552301846846825484e+00
3.685994450600869499e+00
-5.596115239980913536e+00
3.670840393964556192e+00
-5.641276694328011487e+00
3.655845351035446722e+00
-5.687849591937871097e+00
3.641008395418549703e+00
-5.735901668005061182e+00
3.626328744836994744e+00
-5.785505402098319649e+00
3.611805770274651550e+00
-5.836738451348251644e+00
3.597439008464940358e+00
-5.889684131651245380e+00
3.583228175521965486e+00
-5.944431954092586068e+00
3.569173182090150220e+00
-6.001078228846692397e+00
3.555274154612408033e+00
-6.059726737042597122e+00
3.541531454325188122e+00
-6.120489491004290628e+00
3.527945703253287935e+00
-6.183487587139287811e+00
3.514517813284526504e+00
-6.248852172000989746e+00
3.501249019771171422e+00
-6.316725535823048077e+00
3.488140920525411026e+00
-6.387262355716469386e+00
3.475195522796453496e+00
-6.460631112261519426e+00
3.462415296658318375e+00
-6.537015709443442013e+00
3.449803239381257214e+00
-6.616617333100067277e+00
3.437362950989071742e+00
-6.699656590738746864e+00
3.425098724040200437e+00
-6.786375984107863246e+00
3.413015651048830534e+00
-6.877042777883870528e+00
3.401114933760496672e+00
-6.971954271900873579e+00
3.389417477353045882e+00
-7.071436383045547558e+00
3.377922780471296349e+00
-7.175845357963735793e+00
3.366629807022743393e+00
-7.285599255497267279e+00
3.355572847157255012e+00
-7.401147942150445580e+00
3.344746704665523040e+00
-7.523004701752055823e+00
3.334175713312804046e+00
-7.651739834813700014e+00
3.323880210309135386e+00
-7.788009345549911089e+00
3.313881736172821668e+00
-7.932554753418646243e+00
3.304205625599639262e+00
-8.086228439233856591e+00
3.294890594563809838e+00
-8.250005548483201778e+00
3.285973745560567760e+00
-8.425017450308011746e+00
3.277505623674365154e+00
-8.612578419227281401e+00
3.269547797071801210e+00
-8.814231086689893857e+00
3.262177339076267391e+00
-9.031795206281323374e+00
3.255489290030809890e+00
-9.267439029042176202e+00
3.249605548487592088e+00
-9.523767032410788147e+00
3.244682951841322271e+00
-9.803941168089160385e+00
3.240925514155338139e+00
-1.011184357189163308e+01
3.238604102694314424e+00
-1.045230225519985900e+01
3.238084472284254112e+00
-1.083140920837768739e+01
3.239871082302892003e+00
-1.125697998351282969e+01
3.244677217399269065e+00
-1.173923536204787155e+01
3.253540873483319995e+00
-1.229184415389468654e+01
3.268063397451848484e+00
-1.293358796700410807e+01
3.290571818967810813e+00
-1.369106114066428148e+01
3.325274111019647538e+00
-1.460348516366405036e+01
3.379212793624817301e+00
-1.573161899784304829e+01
3.466071437728091453e+00
-1.717565743335804029e+01
3.615130242966289487e+00
-1.911568230553517012e+01
3.900404067623037818e+00
-2.191736568145275044e+01
4.565246585721789430e+00
-2.647832291462333387e+01
6.937716791113365034e+00
-3.588933596435293794e+01
4.148544864407868715e+01
-6.233696910872703256e+01
4.314405016266819359e+01
-5.630873831999910095e+00
3.101282457662205871e+01
-1.868111165645772953e+00
2.567212777148881031e+01
-9.922161896277182924e-01
2.252051652406723292e+01
-6.369000793779984182e-01
2.038260184643382189e+01
-4.528944549960762789e-01
1.880966588450130672e+01
-3.433918681564223085e-01
1.758914676086263995e+01
-2.720778992330741275e-01
1.660579154806997337e+01
-2.225975590477830002e-01
1.579101677679909699e+01
-1.866138494785628543e-01
1.510114634117502419e+01
-1.594805949773333009e-01
1.450685781742394909e+01
-1.384211017483641948e-01
1.398765019620737782e+01
-1.216871381835459565e-01
1.352869828355788684e+01
-1.081281728935502562e-01
1.311898029630419416e+01
-9.695931829504167432e-02
1.275010880341300989e+01
-8.762870074827697198e-02
1.241557276663745668e+01
-7.973815641347863081e-02
1.211023011121546133e+01
-7.299396054813755974e-02
1.182995851378059271e+01
-6.717519129115084864e-02
1.157140923431703783e+01
-6.211282652064401694e-02
1.133182988759594778e+01
-5.767558115318170697e-02
1.110893444234331895e+01
-5.376009575758774334e-02
1.090080626155000587e+01
-5.028400367030551321e-02
1.070582469721100161e+01
-4.718094433006577576e-02
1.052260876271060752e+01
-4.439691856183201890e-02
1.034997337762062308e+01
-4.188758570517617241e-02
1.018689499759452843e+01
-3.961623250338146274e-02
1.003248433942290063e+01
-3.755222820899592473e-02
9.885964532712131714e+00
-3.566983637796974915e-02
9.746653466609568994e+00
-3.394729158895092719e-02
9.613949411642574105e+00
-3.236607519159729468e-02
9.487319221923714352e+00
-3.091034216730097206e-02
9.366288587659990839e+00
-2.956646385312821507e-02
9.250433929701809888e+00
-2.832266031739339579e-02
9.139375618887777719e+00
-2.716870269898107038e-02
9.032772271627395710e+00
-2.609567058320470118e-02
8.930315925467247951e+00
-2.509575299665926795e-02
8.831727938556593216e+00
-2.416208421575499754e-02
8.736755488026798133e+00
-2.328860754538839006e-02
8.645168566556685974e+00
-2.246996170995946285e-02
8.556757395452137871e+00
-2.170138563316444807e-02
8.471330187638930198e+00
-2.097863825537338300e-02
8.388711205961982387e+00
-2.029793071316548375e-02
8.308739071788133757e+00
-1.965586873259174763e-02
8.231265286642134527e+00
-1.904940350133044885e-02
8.156152935866675335e+00
-1.847578961148346050e-02
8.083275548391899434e+00
-1.793254892411443729e-02
8.012516090866238727e+00
-1.741743941373094517e-02
7.943766077823651628e+00
-1.692842821715614607e-02
7.876924782387170865e+00
-1.646366824534501588e-02
7.811898534350016909e+00
-1.602147782540940674e-02
7.748600094423991891e+00
-1.560032292863483896e-02
7.686948095072308362e+00
-1.519880161266528446e-02
7.626866520547901374e+00
-1.481562945599616821e-02
7.568284337334254985e+00
-1.444963134308628605e-02
7.511134964386310564e+00
-1.409972488031034643e-02
7.455355996586515488e+00
-1.376491522131156192e-02
7.400888852518423988e+00
-1.344428564475255022e-02
7.347678476791465130e+00
-1.313699017343756756e-02
7.295673070250602521e+00
-1.284224700402009610e-02
7.244823845033936394e+00
-1.255933264626613380e-02
7.195084801816662434e+00
-1.228757668488168406e-02
7.146412526903617390e+00
-1.202635708880802658e-02
7.098766007112303100e+00
-1.177509600299207239e-02
7.052106460630721330e+00
-1.153325596624855259e-02
7.006397182245038380e+00
-1.130033650618522331e-02
6.961603401515136014e+00
-1.107587106845897562e-02
6.917692152636345071e+00
-1.085942424303975098e-02
6.874632154865273570e+00
-1.065058925481147077e-02
6.832393702510231037e+00
-1.044898568985432735e-02
6.790948563594435328e+00
-1.025425743222402840e-02
6.750269886394580254e+00
-1.006607078905035271e-02
6.710332113141086907e+00
-9.884112784390353471e-03
6.671110900239748176e+00
-9.708089604543258810e-03
6.632583044439739339e+00
-9.537725179515905982e-03
6.594726414430768457e+00
-9.372759887059121942e-03
6.557519887403238101e+00
-9.212949367209852594e-03
6.520943290151090643e+00
-9.058063436603522312e-03
6.484977344337355731e+00
-8.907885092987531672e-03
6.449603615578798355e+00
-8.762209601394333608e-03
6.414804466038342312e+00
-8.620843654338076339e-03
6.380563010242838118e+00
-8.483604599197894919e-03
6.346863073869745797e+00
-8.350319726658495673e-03
6.313689155269527120e+00
-8.220825614704652812e-03
6.281026389511397134e+00
-8.094967523221936051e-03
6.248860514758957763e+00
-7.972598834749707736e-03
6.217177840799076094e+00
-7.853580537371510767e-03
6.185965219562776340e+00
-7.737780746119643158e-03
6.155210017490547969e+00
-7.625074259619566211e-03
6.124900089607064224e+00
-7.515342149011994960e-03
6.095023755181578906e+00
-7.408471376469816932e-03
6.065569774860364305e+00
-7.304354440876481905e-03
6.036527329167109102e+00
-7.202889048457671549e-03
6.007885998275302342e+00
-7.103977806358581504e-03
5.979635742964565459e+00
-7.007527937340914462e-03
5.951766886679730639e+00
-6.913451013936439821e-03
5.924270098617807179e+00
-6.821662710540761683e-03
5.897136377773915861e+00
-6.732082572064024967e-03
5.870357037882397044e+00
-6.644633797874372957e-03
5.843923693194253310e+00
-6.559243039878769749e-03
5.817828245036487544e+00
-6.475840213683621213e-03
5.792062869102884370e+00
-6.394358321866228274e-03
5.766620003429627772e+00
-6.314733288469173353e-03
5.741492337012422453e+00
-6.236903803902330359e-03
5.716672799024996365e+00
-6.160811179504002352e-03
5.692154548601710218e+00
-6.086399211073086242e-03
5.667930965149627021e+00
-6.013614050739093941e-03
5.643995639157868283e+00
-5.942404086587256551e-03
5.620342363474280845e+00
-5.872719829501563994e-03
5.596965125021529985e+00
-5.804513806730377673e-03
5.573858096926631589e+00
-5.737740461717572016e-03
5.551015631039682319e+00
-5.672356059776903839e-03
5.528432250819207638e+00
-5.608318599219496228e-03
5.506102644563018345e+00
-5.545587727573426245e-03
5.484021658964843837e+00
-5.484124662561337335e-03
5.462184292978388811e+00
-5.423892117526691106e-03
5.440585691971468130e+00
-5.364854231021714409e-03
5.419221142154224680e+00
-5.306976500291159769e-03
5.398086065266240574e+00
-5.250225718404850223e-03
5.377176013508460528e+00
-5.194569914809802139e-03
5.356486664706596734e+00
-5.139978299088673007e-03
5.336013817693674000e+00
-5.086421207726539787e-03
5.315753387899949445e+00
-5.033870053701479212e-03
5.295701403139323915e+00
-4.982297278727328659e-03
5.275853999581903153e+00
-4.931676307988710345e-03
5.256207417903052459e+00
-4.881981507219140468e-03
