6.581105994903764028e-10
2.019483917365790222e-28
6.885674274241859999e-10
-6.058451752097370666e-28
7.206228146325063673e-10
0.000000000000000000e+00
7.543711470054588473e-10
-2.019483917365790222e-28
7.899130344310744707e-10
-4.038967834731580444e-28
8.273557661824046197e-10
4.038967834731580444e-28
8.668138030562884335e-10
0.000000000000000000e+00
9.084093095177988839e-10
-4.038967834731580444e-28
9.522727294190712856e-10
-4.038967834731580444e-28
9.985434092087655946e-10
2.019483917365790222e-28
1.047370272932873538e-09
4.038967834731580444e-28
1.098912553753068230e-09
0.000000000000000000e+00
1.153340587180010196e-09
4.038967834731580444e-28
1.210836671741383295e-09
0.000000000000000000e+00
1.271596003383977895e-09
-1.211690350419474133e-27
1.335827690552318809e-09
-4.038967834731580444e-28
1.403755857601454863e-09
-4.038967834731580444e-28
1.475620844996273405e-09
0.000000000000000000e+00
1.551680515634727614e-09
-8.077935669463160887e-28
1.632211677618107918e-09
8.077935669463160887e-28
1.717511634890443382e-09
-4.038967834731580444e-28
1.807899878395970042e-09
4.038967834731580444e-28
1.903719931773416520e-09
-1.615587133892632177e-27
2.005341367138044134e-09
-8.077935669463160887e-28
2.113162008216664598e-09
-8.077935669463160887e-28
2.227610340021197525e-09
0.000000000000000000e+00
2.349148146400105558e-09
8.077935669463160887e-28
2.478273399223946814e-09
1.615587133892632177e-27
2.615523425677368212e-09
0.000000000000000000e+00
2.761478383184668190e-09
0.000000000000000000e+00
2.916765074935643416e-09
-8.077935669463160887e-28
3.082061142855772115e-09
8.077935669463160887e-28
3.258099679239882197e-09
8.077935669463160887e-28
3.445674303211435959e-09
8.077935669463160887e-28
3.645644753759960746e-09
0.000000000000000000e+00
3.858943057439956135e-09
0.000000000000000000e+00
4.086580335991724320e-09
1.615587133892632177e-27
4.329654327291800635e-09
-3.231174267785264355e-27
4.589357702300436072e-09
-1.615587133892632177e-27
4.866987271211136761e-09
0.000000000000000000e+00
5.163954184015881376e-09
0.000000000000000000e+00
5.481795244400653100e-09
1.615587133892632177e-27
5.822185471542097116e-09
1.615587133892632177e-27
6.186952062289992964e-09
0.000000000000000000e+00
6.578089926745923868e-09
0.000000000000000000e+00
6.997778993804991994e-09
-3.231174267785264355e-27
7.448403510297465073e-09
-3.231174267785264355e-27
7.932573588528515695e-09
-3.231174267785264355e-27
8.453149292938098650e-09
0.000000000000000000e+00
9.013267598083560142e-09
3.231174267785264355e-27
9.616372598129462935e-09
0.000000000000000000e+00
1.026624940361698372e-08
3.231174267785264355e-27
1.096706222580529699e-08
6.462348535570528710e-27
1.172339722389334960e-08
-3.231174267785264355e-27
1.254031077781134157e-08
-1.292469707114105742e-26
1.342338395124916643e-08
1.292469707114105742e-26
1.437878402882823685e-08
1.292469707114105742e-26
1.541333415102546598e-08
6.462348535570528710e-27
1.653459223447318335e-08
-6.462348535570528710e-27
1.775094055820845535e-08
-6.462348535570528710e-27
1.907168762394713019e-08
1.292469707114105742e-26
2.050718416726938175e-08
6.462348535570528710e-27
2.206895551497478944e-08
1.292469707114105742e-26
2.376985286180884433e-08
0.000000000000000000e+00
2.562422648951715938e-08
0.000000000000000000e+00
2.764812448773903146e-08
-2.584939414228211484e-26
2.985952117800417921e-08
3.877409121342317226e-26
3.227858021171931880e-08
0.000000000000000000e+00
3.492795823854390677e-08
-1.292469707114105742e-26
3.783315615768346367e-08
3.877409121342317226e-26
4.102292631459975515e-08
0.000000000000000000e+00
4.452974564337572410e-08
2.584939414228211484e-26
4.839036674808853001e-08
-5.169878828456422968e-26
5.264651086468767235e-08
2.584939414228211484e-26
5.734543680139403285e-08
0.000000000000000000e+00
6.254108482728486804e-08
5.169878828456422968e-26
6.829495359512744515e-08
0.000000000000000000e+00
7.467736723743927865e-08
-1.033975765691284594e-25
8.176892944823604795e-08
0.000000000000000000e+00
8.966225025594646939e-08
-5.169878828456422968e-26
9.846400324879719931e-08
5.169878828456422968e-26
1.082973847391719407e-07
0.000000000000000000e+00
1.193050637153519733e-07
5.169878828456422968e-26
1.316527334964266398e-07
-2.067951531382569187e-25
1.455334041946307211e-07
-2.067951531382569187e-25
1.611726112851683077e-07
2.067951531382569187e-25
1.788347623155163945e-07
-2.067951531382569187e-25
1.988309044671113913e-07
0.000000000000000000e+00
2.215282749494157633e-07
0.000000000000000000e+00
2.473621004056885548e-07
4.135903062765138374e-25
2.768502493924470908e-07
-4.135903062765138374e-25
3.106115257225750344e-07
2.067951531382569187e-25
3.493886370810900237e-07
-2.067951531382569187e-25
3.940772069326452887e-07
2.067951531382569187e-25
4.457626527331961405e-07
-4.135903062765138374e-25
5.057673793989187727e-07
-4.135903062765138374e-25
5.757116060494110455e-07
-1.654361225106055350e-24
6.575923624991960015e-07
-1.240770918829541512e-24
7.538869181400990111e-07
8.271806125530276749e-25
8.676893785631076917e-07
0.000000000000000000e+00
1.002892769632744929e-06
-1.654361225106055350e-24
1.164434190988036997e-06
-8.271806125530276749e-25
1.358628452815636698e-06
1.654361225106055350e-24
1.593627438865740604e-06
-3.308722450212110699e-24
1.880060591804432366e-06
-1.654361225106055350e-24
2.231940260012545938e-06
-3.308722450212110699e-24
2.667960736973631754e-06
0.000000000000000000e+00
3.213393051056306416e-06
0.000000000000000000e+00
3.902899188692828436e-06
-6.617444900424221399e-24
4.784796528284318066e-06
-1.323488980084844280e-23
5.927665735073690087e-06
6.617444900424221399e-24
7.430849588486801652e-06
1.323488980084844280e-23
9.441612446086927594e-06
-3.970466940254532839e-23
1.218410432736734641e-05
0.000000000000000000e+00
1.601009590133349602e-05
-5.293955920339377119e-23
2.149176120643621338e-05
-2.646977960169688560e-23
2.960019138784837056e-05
-5.293955920339377119e-23
4.207205413328236974e-05
1.058791184067875424e-22
6.221057699855490832e-05
-1.058791184067875424e-22
9.683661834066440300e-05
-2.117582368135750848e-22
1.615989188025752216e-04
4.235164736271501695e-22
2.980530204826337647e-04
0.000000000000000000e+00
6.432694323813188154e-04
-1.016439536705160407e-20
1.847057125688350175e-03
0.000000000000000000e+00
1.062824968514516390e-02
-2.168404344971008868e-19
6.089787731600375675e-01
-4.163336342344337027e-17
9.188042683938071331e-01
1.387778780781445676e-17
9.449664482118678155e-01
-1.387778780781445676e-17
9.554972356885869100e-01
5.551115123125782702e-17
9.615572685473909864e-01
2.775557561562891351e-17
9.656246509402708345e-01
-5.551115123125782702e-17
9.685997514265562991e-01
5.551115123125782702e-17
9.708990714066880745e-01
5.551115123125782702e-17
9.727455909591791183e-01
-2.775557561562891351e-17
9.742708856228594616e-01
-2.775557561562891351e-17
9.755586892968215462e-01
-2.775557561562891351e-17
9.766646734731068147e-01
-2.775557561562891351e-17
9.776279422987996792e-01
5.551115123125782702e-17
9.784766914801616977e-01
2.775557561562891351e-17
9.792318728769962011e-01
-2.775557561562891351e-17
9.799094273444276526e-01
-1.665334536937734811e-16
9.805217293820316371e-01
0.000000000000000000e+00
9.810785527263266026e-01
2.775557561562891351e-17
9.815877338356819859e-01
2.775557561562891351e-17
9.820556403955441604e-01
0.000000000000000000e+00
9.824875066624542130e-01
0.000000000000000000e+00
9.828876822635712607e-01
-5.551115123125782702e-17
9.832598127983732672e-01
-5.551115123125782702e-17
9.836069843909871491e-01
5.551115123125782702e-17
9.839318233854797979e-01
2.775557561562891351e-17
9.842365880597754302e-01
-5.551115123125782702e-17
9.845232237500871619e-01
-2.775557561562891351e-17
9.847934290565946158e-01
2.775557561562891351e-17
9.850486811440596346e-01
-2.775557561562891351e-17
9.852902858792320639e-01
2.775557561562891351e-17
9.855193757444674629e-01
0.000000000000000000e+00
9.857369765480811230e-01
0.000000000000000000e+00
9.859439755118581949e-01
0.000000000000000000e+00
9.861412063562309260e-01
0.000000000000000000e+00
9.863293812262357019e-01
-5.551115123125782702e-17
9.865091408787594052e-01
0.000000000000000000e+00
9.866810776640242420e-01
-2.775557561562891351e-17
9.868457219653419266e-01
0.000000000000000000e+00
9.870035549158315824e-01
5.551115123125782702e-17
9.871550141206079099e-01
0.000000000000000000e+00
9.873004985862401384e-01
-1.387778780781445676e-17
9.874403729846411570e-01
0.000000000000000000e+00
9.875749713540429298e-01
0.000000000000000000e+00
9.877046003247131889e-01
0.000000000000000000e+00
9.878295419371557751e-01
1.387778780781445676e-17
9.879500561154983540e-01
0.000000000000000000e+00
9.880663828422384665e-01
0.000000000000000000e+00
9.881787440786375942e-01
0.000000000000000000e+00
9.882873454582571382e-01
-1.387778780781445676e-17
9.883923778007923655e-01
1.387778780781445676e-17
9.884940184430321963e-01
6.938893903907228378e-18
9.885924324392965090e-01
6.938893903907228378e-18
9.886877736269596983e-01
6.938893903907228378e-18
9.887801855810657292e-01
0.000000000000000000e+00
9.888698024765698591e-01
-3.469446951953614189e-18
9.889567498582787497e-01
0.000000000000000000e+00
9.890411453261741537e-01
-1.734723475976807094e-18
9.891230991867752120e-01
0.000000000000000000e+00
9.892027150023203763e-01
8.673617379884035472e-19
9.892800901059600749e-01
-3.469446951953614189e-18
9.893553160804091640e-01
3.469446951953614189e-18
9.894284791766183584e-01
0.000000000000000000e+00
9.894996606991403043e-01
1.387778780781445676e-17
9.895689373694709356e-01
0.000000000000000000e+00
9.896363816502486976e-01
1.387778780781445676e-17
9.897020619879616232e-01
-6.938893903907228378e-18
9.897660431987473917e-01
1.387778780781445676e-17
9.898283865615999932e-01
4.163336342344337027e-17
9.898891502211696336e-01
1.387778780781445676e-17
9.899483892418841080e-01
-1.387778780781445676e-17
9.900061558724204680e-01
-1.387778780781445676e-17
9.900624997393292492e-01
2.775557561562891351e-17
9.901174679866133754e-01
1.387778780781445676e-17
9.901711054254573874e-01
1.387778780781445676e-17
9.902234546708845730e-01
-1.387778780781445676e-17
9.902745562718113792e-01
-2.775557561562891351e-17
9.903244488838460757e-01
1.387778780781445676e-17
9.903731693618482712e-01
-1.387778780781445676e-17
9.904207526714963183e-01
0.000000000000000000e+00
9.904672323917913523e-01
0.000000000000000000e+00
9.905126403606798746e-01
2.775557561562891351e-17
9.905570071636140561e-01
2.775557561562891351e-17
9.906003617411922590e-01
-8.326672684688674053e-17
9.906427320831148187e-01
0.000000000000000000e+00
9.906841447097609610e-01
-5.551115123125782702e-17
9.907246249496406421e-01
2.775557561562891351e-17
9.907641971366758504e-01
0.000000000000000000e+00
9.908028845524832207e-01
-5.551115123125782702e-17
9.908407094488019817e-01
-2.775557561562891351e-17
9.908776931195146798e-01
0.000000000000000000e+00
9.909138559598860141e-01
-2.775557561562891351e-17
9.909492175012200033e-01
-2.775557561562891351e-17
9.909837964148187073e-01
0.000000000000000000e+00
9.910176105373091904e-01
5.551115123125782702e-17
9.910506770621615447e-01
0.000000000000000000e+00
9.910830126663021655e-01
-2.775557561562891351e-17
9.911146329589248793e-01
5.551115123125782702e-17
9.911455527628915130e-01
0.000000000000000000e+00
9.911757871535229469e-01
0.000000000000000000e+00
9.912053493906112234e-01
0.000000000000000000e+00
9.912342532567509634e-01
2.775557561562891351e-17
9.912625110684053498e-01
-2.775557561562891351e-17
9.912901355410168591e-01
0.000000000000000000e+00
9.913171376384297684e-01
2.775557561562891351e-17
9.913435294409325138e-01
-2.775557561562891351e-17
9.913693210035683379e-01
-2.775557561562891351e-17
9.913945225666362937e-01
2.775557561562891351e-17
9.914191445229896260e-01
-2.775557561562891351e-17
9.914431959939642436e-01
5.551115123125782702e-17
9.914666856294389596e-01
0.000000000000000000e+00
9.914896221146696220e-01
-2.775557561562891351e-17
9.915120138290420826e-01
-8.326672684688674053e-17
9.915338686263307499e-01
-5.551115123125782702e-17
9.915551938987823277e-01
-2.775557561562891351e-17
9.915759966782986545e-01
-5.551115123125782702e-17
9.915962836754105281e-01
2.775557561562891351e-17
9.916160612812188191e-01
-2.775557561562891351e-17
9.916353355663916069e-01
-5.551115123125782702e-17
9.916541122911263217e-01
0.000000000000000000e+00
9.916723969263472327e-01
1.110223024625156540e-16
9.916901946710833249e-01
-5.551115123125782702e-17
9.917075104281634079e-01
-1.110223024625156540e-16
9.917243487063567287e-01
0.000000000000000000e+00
9.917407135287998887e-01
2.775557561562891351e-17
9.917566085934430564e-01
-5.551115123125782702e-17
9.917720377378351770e-01
2.775557561562891351e-17
9.917870049809003330e-01
-5.551115123125782702e-17
9.918015134761322127e-01
8.326672684688674053e-17
9.918155650771326437e-01
2.775557561562891351e-17
9.918291623841262172e-01
2.775557561562891351e-17
9.918423091108135026e-01
-2.775557561562891351e-17
9.918550064808048239e-01
0.000000000000000000e+00
9.918672551247665892e-01
5.551115123125782702e-17
9.918790586772261442e-01
-1.110223024625156540e-16
9.918904173051165118e-01
-2.775557561562891351e-17
9.919013310003306216e-01
2.775557561562891351e-17
9.919118030684732634e-01
5.551115123125782702e-17
9.919218310505824032e-01
-5.551115123125782702e-17
9.919314171970250449e-01
-5.551115123125782702e-17
9.919405607999239871e-01
2.775557561562891351e-17
9.919492606093143205e-01
-2.775557561562891351e-17
9.919575181188342583e-01
2.775557561562891351e-17
9.919653294014110223e-01
-5.551115123125782702e-17
9.919726968171935777e-01
1.665334536937734811e-16
9.919796149950588227e-01
8.326672684688674053e-17
9.919860862119503908e-01
2.775557561562891351e-17
9.919921042233872388e-01
-5.551115123125782702e-17
9.919976708564008927e-01
2.775557561562891351e-17
9.920027791990558841e-01
5.551115123125782702e-17
9.920074303500743262e-01
2.775557561562891351e-17
9.920116170818371604e-01
1.110223024625156540e-16
9.920153391452368741e-01
-5.551115123125782702e-17
9.920185897749840276e-01
5.551115123125782702e-17
9.920213663403487647e-01
5.551115123125782702e-17
9.920236635524528612e-01
2.775557561562891351e-17
9.920254754273488684e-01
0.000000000000000000e+00
9.920267986721125197e-01
5.551115123125782702e-17
9.920276239039363952e-01
-1.665334536937734811e-16
9.920279490492391883e-01
-2.775557561562891351e-17
9.920277627045807067e-01
0.000000000000000000e+00
9.920270619503529508e-01
-2.775557561562891351e-17
9.920258355565976238e-01
0.000000000000000000e+00
9.920240775302028302e-01
2.775557561562891351e-17
9.920217784184597321e-01
5.551115123125782702e-17
9.920189281029887507e-01
0.000000000000000000e+00
9.920155189783061989e-01
0.000000000000000000e+00
9.920115372561384426e-01
0.000000000000000000e+00
9.920069760169296647e-01
5.551115123125782702e-17
9.920018189683519338e-01
2.775557561562891351e-17
9.919960585111606832e-01
-2.775557561562891351e-17
9.919896767298692630e-01
0.000000000000000000e+00
9.919826645237750373e-01
0.000000000000000000e+00
9.919750025420890349e-01
-2.775557561562891351e-17
9.919666799520330258e-01
0.000000000000000000e+00
9.919576757176694626e-01
-2.775557561562891351e-17
9.919479771167913906e-01
-5.551115123125782702e-17
9.919375614674730279e-01
0.000000000000000000e+00
9.919264131671245988e-01
-2.775557561562891351e-17
9.919145091394071523e-01
0.000000000000000000e+00
9.919018285152035874e-01
2.775557561562891351e-17
9.918883496935135824e-01
-2.775557561562891351e-17
9.918740454256825823e-01
-5.551115123125782702e-17
9.918588931178995427e-01
-5.551115123125782702e-17
9.918428643061218963e-01
-2.775557561562891351e-17
9.918259288144224417e-01
0.000000000000000000e+00
9.918080581992342326e-01
5.551115123125782702e-17
9.917892197052839975e-01
5.551115123125782702e-17
9.917693775476711382e-01
0.000000000000000000e+00
9.917484955584611184e-01
0.000000000000000000e+00
9.917265356566591361e-01
0.000000000000000000e+00
9.917034565029714255e-01
-2.775557561562891351e-17
9.916792137663898998e-01
2.775557561562891351e-17
9.916537604261594918e-01
2.775557561562891351e-17
9.916270465553536084e-01
2.775557561562891351e-17
9.915990189254701992e-01
0.000000000000000000e+00
9.915696206514253985e-01
0.000000000000000000e+00
9.915387908726407407e-01
2.775557561562891351e-17
9.915064644444460118e-01
0.000000000000000000e+00
9.914725716684169576e-01
0.000000000000000000e+00
9.914370380023693752e-01
1.387778780781445676e-17
9.913997833248656688e-01
1.387778780781445676e-17
9.913607207308848812e-01
-2.775557561562891351e-17
9.913197569863811953e-01
-1.387778780781445676e-17
9.912767931022818946e-01
0.000000000000000000e+00
9.912317198362179393e-01
1.387778780781445676e-17
9.911844208974600612e-01
0.000000000000000000e+00
9.911347692328734693e-01
-2.775557561562891351e-17
9.910826281589437681e-01
-1.387778780781445676e-17
9.910278476285638849e-01
1.387778780781445676e-17
9.909702656844028290e-01
-4.163336342344337027e-17
9.909097052283148965e-01
0.000000000000000000e+00
9.908459724645537481e-01
0.000000000000000000e+00
9.907788552517177161e-01
2.775557561562891351e-17
9.907081207686307955e-01
-1.387778780781445676e-17
9.906335128577397064e-01
0.000000000000000000e+00
9.905547487723802558e-01
0.000000000000000000e+00
9.904715155390028114e-01
-1.387778780781445676e-17
9.903834665643189705e-01
0.000000000000000000e+00
9.902902153850694500e-01
1.387778780781445676e-17
9.901913311722175814e-01
-1.387778780781445676e-17
9.900863309477567764e-01
-6.938893903907228378e-18
9.899746716910434730e-01
-6.938893903907228378e-18
9.898557404691423756e-01
0.000000000000000000e+00
9.897288424497467929e-01
-6.938893903907228378e-18
9.895931862380717980e-01
0.000000000000000000e+00
9.894478663445328559e-01
0.000000000000000000e+00
9.892918408820199350e-01
0.000000000000000000e+00
9.891239043522298546e-01
-1.387778780781445676e-17
9.889426531246297003e-01
0.000000000000000000e+00
9.887464417035916053e-01
0.000000000000000000e+00
9.885333265298916761e-01
3.469446951953614189e-18
9.883009930691171174e-01
6.938893903907228378e-18
9.880466597392553174e-01
3.469446951953614189e-18
9.877669496208132394e-01
-3.469446951953614189e-18
9.874577162583499934e-01
-3.469446951953614189e-18
9.871138028093153771e-01
-3.469446951953614189e-18
9.867287020676357434e-01
-3.469446951953614189e-18
9.862940652059972724e-01
3.469446951953614189e-18
9.857989621757363707e-01
1.734723475976807094e-18
9.852288177347677811e-01
-1.734723475976807094e-18
9.845635209444858482e-01
8.673617379884035472e-19
9.837746287172035586e-01
-8.673617379884035472e-19
9.828200663128470183e-01
0.000000000000000000e+00
9.816345871443790116e-01
0.000000000000000000e+00
9.801100681524053115e-01
0.000000000000000000e+00
9.780508516357011572e-01
-5.204170427930421283e-18
9.750549359167064445e-01
0.000000000000000000e+00
9.701150625092105351e-01
-3.469446951953614189e-18
9.596171616433293305e-01
0.000000000000000000e+00
9.119408744442660808e-01
0.000000000000000000e+00
6.652233829595563530e-02
-1.734723475976807094e-18
5.259155126163386762e-03
-2.710505431213761085e-20
1.568362746272616631e-03
1.355252715606880543e-20
7.005954520197177002e-04
3.388131789017201356e-21
3.808760630628589615e-04
8.470329472543003391e-22
2.327084783679103154e-04
0.000000000000000000e+00
1.536657549490716684e-04
-2.117582368135750848e-22
1.072758919755949399e-04
4.235164736271501695e-22
7.808959986222146349e-05
1.058791184067875424e-22
5.873262167411607524e-05
-5.293955920339377119e-23
4.535044818878051316e-05
-5.293955920339377119e-23
3.578305015405234483e-05
2.646977960169688560e-23
2.875067668622759118e-05
0.000000000000000000e+00
2.345976527913896866e-05
2.646977960169688560e-23
1.939916555926349820e-05
5.293955920339377119e-23
1.622885243375713426e-05
-2.646977960169688560e-23
1.371628907808082796e-05
6.617444900424221399e-24
1.169857963531122873e-05
-1.323488980084844280e-23
1.005918255937334599e-05
0.000000000000000000e+00
8.713151481922990982e-06
-6.617444900424221399e-24
7.597533077476857656e-06
3.308722450212110699e-24
6.664973253600293089e-06
0.000000000000000000e+00
5.879370327731383753e-06
-6.617444900424221399e-24
5.212864088499493483e-06
0.000000000000000000e+00
4.643714616827046972e-06
3.308722450212110699e-24
4.154784773689525630e-06
1.654361225106055350e-24
3.732439197858942477e-06
0.000000000000000000e+00
3.365735136160971623e-06
1.654361225106055350e-24
3.045820657923080406e-06
0.000000000000000000e+00
2.765482172944001440e-06
-1.654361225106055350e-24
2.518800739882429352e-06
0.000000000000000000e+00
2.300888534723600746e-06
8.271806125530276749e-25
2.107684999874237594e-06
1.654361225106055350e-24
1.935797858708596233e-06
-8.271806125530276749e-25
1.782378164646599184e-06
-4.135903062765138374e-25
1.645016368108919758e-06
8.271806125530276749e-25
1.521684750741315748e-06
1.240770918829541512e-24
1.410640213494350625e-06
0.000000000000000000e+00
1.310397566935418552e-06
4.135903062765138374e-25
1.219681515453320933e-06
-4.135903062765138374e-25
1.137392875125375272e-06
0.000000000000000000e+00
1.062580867231532590e-06
8.271806125530276749e-25
9.944202842527786177e-07
2.067951531382569187e-25
9.321925844899407324e-07
6.203854594147707562e-25
8.752701704976584419e-07
2.067951531382569187e-25
8.231032603148177667e-07
2.067951531382569187e-25
7.752088800035773691e-07
4.135903062765138374e-25
7.311615994508059899e-07
4.135903062765138374e-25
6.905857068358969319e-07
-2.067951531382569187e-25
6.531485752081012394e-07
2.067951531382569187e-25
6.185550207095159725e-07
3.101927297073853781e-25
5.865424887618768958e-07
-2.067951531382569187e-25
5.568769340226572741e-07
-4.135903062765138374e-25
5.293492836603372557e-07
-2.067951531382569187e-25
5.037723926995595997e-07
1.033975765691284594e-25
4.799784157772866744e-07
-3.101927297073853781e-25
4.578165323595661468e-07
-1.033975765691284594e-25
4.371509728668564290e-07
-1.033975765691284594e-25
4.178593016951704381e-07
3.101927297073853781e-25
3.998309201572401288e-07
-7.754818242684634452e-25
3.829657581866826323e-07
-1.033975765691284594e-25
3.671731284751207279e-07
-1.033975765691284594e-25
3.523707207291289150e-07
-1.550963648536926890e-25
3.384837170869016971e-07
1.550963648536926890e-25
3.254440125414822522e-07
2.584939414228211484e-25
3.131895265740532751e-07
0.000000000000000000e+00
3.016635941846984758e-07
-1.033975765691284594e-25
2.908144261827104160e-07
-5.169878828456422968e-25
2.805946300157406384e-07
-5.169878828456422968e-26
2.709607836194909600e-07
0.000000000000000000e+00
2.618730557922269173e-07
2.843433355651032632e-25
2.532948674701117428e-07
0.000000000000000000e+00
2.451925890241914813e-07
-1.550963648536926890e-25
2.375352693376543176e-07
-2.584939414228211484e-26
2.302943929693457257e-07
1.033975765691284594e-25
2.234436621801843859e-07
7.754818242684634452e-26
2.169588010047804920e-07
2.584939414228211484e-26
2.108173789007265204e-07
-5.169878828456422968e-26
2.049986518110448990e-07
5.169878828456422968e-26
1.994834187378636298e-07
-1.292469707114105742e-25
1.942538921533946150e-07
-4.135903062765138374e-25
1.892935807726817576e-07
2.584939414228211484e-25
1.845871833853766836e-07
-6.462348535570528710e-26
1.801204925947116382e-07
1.421716677825516316e-25
1.758803074437354802e-07
-3.877409121342317226e-26
1.718543540243759259e-07
-2.584939414228211484e-25
1.680312132662630693e-07
2.584939414228211484e-25
1.644002551912211173e-07
-3.231174267785264355e-25
1.609515789976835558e-07
1.033975765691284594e-25
1.576759584082787960e-07
-3.877409121342317226e-26
1.545647917747396291e-07
2.714186384939622058e-25
1.516100564881002580e-07
-6.462348535570528710e-26
1.488042672897714827e-07
-4.394397004187959523e-25
1.461404381212746943e-07
-1.163222736402695168e-25
1.436120471878675278e-07
-3.748162150630906652e-25
1.412130049446041778e-07
2.520315928872506197e-25
1.389376247428704030e-07
-2.649562899583916771e-25
1.367805959020159460e-07
-2.197198502093979761e-25
1.347369589939698741e-07
-2.843433355651032632e-25
1.328020831500232565e-07
1.033975765691284594e-25
1.309716452175254186e-07
9.693522803355793065e-26
1.292416106112838008e-07
-2.649562899583916771e-25
1.276082157194032926e-07
1.357093192469811029e-25
1.260679517369849927e-07
2.714186384939622058e-25
1.246175498132141143e-07
5.428372769879244116e-25
1.232539674084461817e-07
1.874081075315453326e-25
1.219743757677425252e-07
4.911384887033601820e-25
1.207761484262796571e-07
2.714186384939622058e-25
1.196568506702108052e-07
1.195534479080547811e-25
1.186142298838355654e-07
-6.397725050214823423e-25
1.176462067206818627e-07
5.880737167369181126e-25
1.167508670420902897e-07
-3.877409121342317226e-26
1.159264545725483152e-07
1.583275391214779534e-25
1.151713642259937005e-07
-2.229510244771832405e-25
1.144841360619864517e-07
7.399389073228255373e-25
1.138634498350000033e-07
-8.885729236409476976e-25
1.133081201037952418e-07
7.173206874483286868e-25
1.128170918718646540e-07
-1.079212205440278295e-24
1.123894367330244911e-07
-6.882401190382613076e-25
1.120243494992855757e-07
-5.056787729083938716e-25
1.117211452918017600e-07
1.212498143986420449e-24
1.114792570774899831e-07
1.009741958682895111e-25
1.112982336376941607e-07
-2.955716661456570569e-24
1.111777379562979907e-07
1.065075818018717763e-24
1.111175460203661102e-07
-3.872259437353034461e-24
1.111175460207998307e-07
7.577305606348181491e-24
1.111777379562979907e-07
-1.065075818018717763e-24
1.112982336376941607e-07
2.955716661456570569e-24
1.114792570774899831e-07
-1.009741958682895111e-25
1.117211452917746020e-07
1.676979444980552200e-24
1.120243494992686350e-07
1.150298039331554110e-24
1.123894367330244911e-07
6.882401190382613076e-25
1.128170918718646540e-07
1.079212205440278295e-24
1.133081201037884126e-07
6.785465962349055145e-25
1.138634498349872448e-07
5.654554968624212621e-26
1.144841360619898663e-07
-2.067951531382569187e-25
1.151713642259937005e-07
2.229510244771832405e-25
1.159264545725483152e-07
-1.583275391214779534e-25
1.167508670420907397e-07
3.909720864020169870e-25
1.176462067206801554e-07
3.651226922597348721e-25
1.186142298838342684e-07
-4.588267460255075384e-25
1.196568506702108052e-07
-1.195534479080547811e-25
1.207761484262796571e-07
-2.714186384939622058e-25
1.219743757677404076e-07
-3.101927297073853781e-25
1.232539674084465787e-07
1.938704560671158613e-25
1.246175498132135320e-07
-2.584939414228211484e-25
1.260679517369849927e-07
-2.714186384939622058e-25
1.276082157194032926e-07
-1.357093192469811029e-25
1.292416106112844626e-07
1.357093192469811029e-25
1.309716452175245451e-07
1.098599251046989881e-25
1.328020831500233094e-07
-9.693522803355793065e-26
1.347369589939698741e-07
2.843433355651032632e-25
1.367805959020159460e-07
2.197198502093979761e-25
1.389376247428697148e-07
-8.401053096241687323e-26
1.412130049446028543e-07
-5.816113682013475839e-26
1.436120471878700689e-07
2.649562899583916771e-25
1.461404381212746943e-07
1.163222736402695168e-25
1.488042672897714827e-07
4.394397004187959523e-25
1.516100564880998874e-07
-3.877409121342317226e-26
1.545647917747397085e-07
-5.169878828456422968e-26
1.576759584082787960e-07
3.877409121342317226e-26
1.609515789976835558e-07
-1.033975765691284594e-25
1.644002551912211173e-07
3.231174267785264355e-25
1.680312132662624869e-07
1.033975765691284594e-25
1.718543540243765612e-07
-3.877409121342317226e-26
1.758803074437354802e-07
3.877409121342317226e-26
1.801204925947116382e-07
-1.421716677825516316e-25
1.845871833853766836e-07
6.462348535570528710e-26
1.892935807726813341e-07
7.754818242684634452e-26
1.942538921533939797e-07
3.101927297073853781e-25
1.994834187378636298e-07
1.292469707114105742e-25
2.049986518110448990e-07
-5.169878828456422968e-26
2.108173789007265204e-07
5.169878828456422968e-26
2.169588010047805714e-07
-2.584939414228211484e-26
2.234436621801847036e-07
0.000000000000000000e+00
2.302943929693457257e-07
-1.033975765691284594e-25
2.375352693376543176e-07
2.584939414228211484e-26
2.451925890241914813e-07
1.550963648536926890e-25
2.532948674701113193e-07
-1.033975765691284594e-25
2.618730557922269173e-07
-1.550963648536926890e-25
2.709607836194909600e-07
0.000000000000000000e+00
2.805946300157406384e-07
5.169878828456422968e-26
2.908144261827104160e-07
5.169878828456422968e-25
3.016635941846980522e-07
0.000000000000000000e+00
3.131895265740532222e-07
-2.067951531382569187e-25
3.254440125414822522e-07
-2.584939414228211484e-25
3.384837170869016971e-07
-1.550963648536926890e-25
3.523707207291289150e-07
1.550963648536926890e-25
3.671731284751197750e-07
1.550963648536926890e-25
3.829657581866841146e-07
5.169878828456422968e-26
3.998309201572401288e-07
7.754818242684634452e-25
4.178593016951704381e-07
-3.101927297073853781e-25
4.371509728668564290e-07
1.033975765691284594e-25
4.578165323595648763e-07
1.033975765691284594e-25
4.799784157772879449e-07
-1.033975765691284594e-25
5.037723926995595997e-07
-1.033975765691284594e-25
5.293492836603372557e-07
2.067951531382569187e-25
5.568769340226555800e-07
6.203854594147707562e-25
5.865424887618745664e-07
1.033975765691284594e-25
6.185550207095173489e-07
-2.067951531382569187e-25
6.531485752081012394e-07
-2.067951531382569187e-25
6.905857068358969319e-07
2.067951531382569187e-25
7.311615994508036606e-07
8.271806125530276749e-25
7.752088800035748280e-07
6.203854594147707562e-25
8.231032603148207313e-07
-2.067951531382569187e-25
8.752701704976584419e-07
-2.067951531382569187e-25
9.321925844899407324e-07
-6.203854594147707562e-25
9.944202842527741707e-07
-4.135903062765138374e-25
1.062580867231529837e-06
-1.033975765691284594e-24
1.137392875125379083e-06
-4.135903062765138374e-25
1.219681515453320933e-06
4.135903062765138374e-25
1.310397566935418552e-06
-4.135903062765138374e-25
1.410640213494344696e-06
0.000000000000000000e+00
1.521684750741310242e-06
4.135903062765138374e-25
1.645016368108925052e-06
-2.067951531382569187e-24
1.782378164646599184e-06
4.135903062765138374e-25
1.935797858708596233e-06
8.271806125530276749e-25
2.107684999874227429e-06
-8.271806125530276749e-25
2.300888534723590158e-06
0.000000000000000000e+00
2.518800739882443328e-06
0.000000000000000000e+00
2.765482172944001440e-06
1.654361225106055350e-24
3.045820657923080406e-06
0.000000000000000000e+00
3.365735136160955106e-06
3.308722450212110699e-24
3.732439197858919183e-06
0.000000000000000000e+00
4.154784773689525630e-06
-1.654361225106055350e-24
4.643714616827046972e-06
-3.308722450212110699e-24
5.212864088499493483e-06
0.000000000000000000e+00
5.879370327731337166e-06
-9.926167350636332098e-24
6.664973253600240573e-06
3.308722450212110699e-24
7.597533077476857656e-06
-3.308722450212110699e-24
8.713151481922990982e-06
6.617444900424221399e-24
1.005918255937334599e-05
0.000000000000000000e+00
1.169857963531114234e-05
-6.617444900424221399e-24
1.371628907808093638e-05
-1.323488980084844280e-23
1.622885243375713426e-05
2.646977960169688560e-23
1.939916555926349820e-05
-5.293955920339377119e-23
2.345976527913896866e-05
-2.646977960169688560e-23
2.875067668622720155e-05
2.646977960169688560e-23
3.578305015405269720e-05
5.293955920339377119e-23
4.535044818878051316e-05
5.293955920339377119e-23
5.873262167411607524e-05
5.293955920339377119e-23
7.808959986222146349e-05
-1.058791184067875424e-22
1.072758919755927579e-04
-2.117582368135750848e-22
1.536657549490750023e-04
0.000000000000000000e+00
2.327084783679103154e-04
0.000000000000000000e+00
3.808760630628589615e-04
-8.470329472543003391e-22
7.005954520197177002e-04
-3.388131789017201356e-21
1.568362746272516451e-03
0.000000000000000000e+00
5.259155126163879423e-03
5.421010862427522170e-20
6.652233829595563530e-02
1.734723475976807094e-18
9.119408744442660808e-01
0.000000000000000000e+00
9.596171616433293305e-01
0.000000000000000000e+00
9.701150625092107571e-01
6.938893903907228378e-18
9.750549359167071106e-01
1.734723475976807094e-18
9.780508516357011572e-01
5.204170427930421283e-18
9.801100681524053115e-01
0.000000000000000000e+00
9.816345871443790116e-01
0.000000000000000000e+00
9.828200663128472403e-01
-3.388131789017201356e-21
9.837746287172033366e-01
-4.336808689942017736e-19
9.845635209444858482e-01
-8.673617379884035472e-19
9.852288177347677811e-01
1.734723475976807094e-18
9.857989621757363707e-01
1.734723475976807094e-18
9.862940652059968283e-01
1.734723475976807094e-18
9.867287020676359655e-01
3.469446951953614189e-18
9.871138028093153771e-01
3.469446951953614189e-18
9.874577162583499934e-01
3.469446951953614189e-18
9.877669496208130173e-01
0.000000000000000000e+00
9.880466597392649764e-01
3.469446951953614189e-18
9.883009930691186717e-01
3.469446951953614189e-18
9.885333265298916761e-01
-3.469446951953614189e-18
9.887464417035916053e-01
0.000000000000000000e+00
9.889426531246294783e-01
0.000000000000000000e+00
9.891239043522296326e-01
-1.387778780781445676e-17
9.892918408820201570e-01
0.000000000000000000e+00
9.894478663445328559e-01
0.000000000000000000e+00
9.895931862380717980e-01
0.000000000000000000e+00
9.897288424497469039e-01
0.000000000000000000e+00
9.898557404691421535e-01
-6.938893903907228378e-18
9.899746716910435840e-01
6.938893903907228378e-18
9.900863309477567764e-01
6.938893903907228378e-18
9.901913311722175814e-01
1.387778780781445676e-17
9.902902153850692279e-01
1.387778780781445676e-17
9.903834665643189705e-01
0.000000000000000000e+00
9.904715155390029224e-01
6.938893903907228378e-18
9.905547487723802558e-01
0.000000000000000000e+00
9.906335128577397064e-01
0.000000000000000000e+00
9.907081207686312396e-01
0.000000000000000000e+00
9.907788552517164948e-01
0.000000000000000000e+00
9.908459724645537481e-01
0.000000000000000000e+00
9.909097052283148965e-01
0.000000000000000000e+00
9.909702656844028290e-01
4.163336342344337027e-17
9.910278476285643290e-01
1.387778780781445676e-17
9.910826281589439901e-01
-1.387778780781445676e-17
9.911347692328734693e-01
2.775557561562891351e-17
9.911844208974600612e-01
0.000000000000000000e+00
9.912317198362179393e-01
-1.387778780781445676e-17
9.912767931022823387e-01
1.387778780781445676e-17
9.913197569863808623e-01
2.775557561562891351e-17
9.913607207308848812e-01
2.775557561562891351e-17
9.913997833248656688e-01
-1.387778780781445676e-17
9.914370380023693752e-01
-1.387778780781445676e-17
9.914725716684166246e-01
2.775557561562891351e-17
9.915064644444464559e-01
-1.387778780781445676e-17
9.915387908726407407e-01
-2.775557561562891351e-17
9.915696206514253985e-01
0.000000000000000000e+00
9.915990189254701992e-01
0.000000000000000000e+00
9.916270465553540525e-01
2.775557561562891351e-17
9.916537604261597139e-01
-2.775557561562891351e-17
9.916792137663898998e-01
-2.775557561562891351e-17
9.917034565029714255e-01
2.775557561562891351e-17
9.917265356566591361e-01
0.000000000000000000e+00
9.917484955584614514e-01
-2.775557561562891351e-17
9.917693775476712492e-01
0.000000000000000000e+00
9.917892197052839975e-01
-5.551115123125782702e-17
9.918080581992342326e-01
-5.551115123125782702e-17
9.918259288144224417e-01
0.000000000000000000e+00
9.918428643061214522e-01
-2.775557561562891351e-17
9.918588931178984325e-01
0.000000000000000000e+00
9.918740454256825823e-01
5.551115123125782702e-17
9.918883496935135824e-01
2.775557561562891351e-17
9.919018285152035874e-01
-2.775557561562891351e-17
9.919145091394072633e-01
-5.551115123125782702e-17
9.919264131671250428e-01
-2.775557561562891351e-17
9.919375614674730279e-01
0.000000000000000000e+00
9.919479771167913906e-01
5.551115123125782702e-17
9.919576757176687964e-01
0.000000000000000000e+00
9.919666799520330258e-01
-5.551115123125782702e-17
9.919750025420892570e-01
5.551115123125782702e-17
9.919826645237750373e-01
0.000000000000000000e+00
9.919896767298692630e-01
0.000000000000000000e+00
9.919960585111609053e-01
0.000000000000000000e+00
9.920018189683513787e-01
-2.775557561562891351e-17
9.920069760169296647e-01
2.775557561562891351e-17
9.920115372561384426e-01
0.000000000000000000e+00
9.920155189783061989e-01
0.000000000000000000e+00
9.920189281029887507e-01
2.775557561562891351e-17
9.920217784184596210e-01
2.775557561562891351e-17
9.920240775302021641e-01
-8.326672684688674053e-17
9.920258355565976238e-01
0.000000000000000000e+00
9.920270619503529508e-01
2.775557561562891351e-17
9.920277627045809288e-01
5.551115123125782702e-17
9.920279490492390773e-01
5.551115123125782702e-17
9.920276239039360622e-01
8.326672684688674053e-17
9.920267986721125197e-01
-5.551115123125782702e-17
9.920254754273488684e-01
0.000000000000000000e+00
9.920236635524528612e-01
2.775557561562891351e-17
9.920213663403487647e-01
2.775557561562891351e-17
9.920185897749834725e-01
2.775557561562891351e-17
9.920153391452368741e-01
5.551115123125782702e-17
9.920116170818371604e-01
-1.110223024625156540e-16
9.920074303500747703e-01
5.551115123125782702e-17
9.920027791990555510e-01
2.775557561562891351e-17
9.919976708564008927e-01
-2.775557561562891351e-17
9.919921042233872388e-01
5.551115123125782702e-17
9.919860862119503908e-01
-2.775557561562891351e-17
9.919796149950588227e-01
0.000000000000000000e+00
9.919726968171939108e-01
0.000000000000000000e+00
9.919653294014110223e-01
5.551115123125782702e-17
9.919575181188342583e-01
-2.775557561562891351e-17
9.919492606093143205e-01
2.775557561562891351e-17
9.919405607999240981e-01
-5.551115123125782702e-17
9.919314171970250449e-01
2.775557561562891351e-17
9.919218310505824032e-01
5.551115123125782702e-17
9.919118030684732634e-01
-5.551115123125782702e-17
9.919013310003306216e-01
-2.775557561562891351e-17
9.918904173051164008e-01
-2.775557561562891351e-17
9.918790586772261442e-01
0.000000000000000000e+00
9.918672551247665892e-01
-5.551115123125782702e-17
9.918550064808048239e-01
0.000000000000000000e+00
9.918423091108135026e-01
2.775557561562891351e-17
9.918291623841261062e-01
0.000000000000000000e+00
9.918155650771326437e-01
8.326672684688674053e-17
9.918015134761322127e-01
-8.326672684688674053e-17
9.917870049809003330e-01
5.551115123125782702e-17
9.917720377378351770e-01
-2.775557561562891351e-17
9.917566085934433895e-01
2.775557561562891351e-17
9.917407135288005549e-01
0.000000000000000000e+00
9.917243487063567287e-01
0.000000000000000000e+00
9.917075104281634079e-01
1.110223024625156540e-16
9.916901946710833249e-01
5.551115123125782702e-17
9.916723969263474547e-01
-8.326672684688674053e-17
9.916541122911263217e-01
0.000000000000000000e+00
9.916353355663916069e-01
5.551115123125782702e-17
9.916160612812188191e-01
2.775557561562891351e-17
9.915962836754105281e-01
-2.775557561562891351e-17
9.915759966782986545e-01
5.551115123125782702e-17
9.915551938987823277e-01
2.775557561562891351e-17
9.915338686263307499e-01
5.551115123125782702e-17
9.915120138290420826e-01
8.326672684688674053e-17
9.914896221146696220e-01
2.775557561562891351e-17
9.914666856294385155e-01
8.326672684688674053e-17
9.914431959939642436e-01
-5.551115123125782702e-17
9.914191445229896260e-01
2.775557561562891351e-17
9.913945225666362937e-01
-2.775557561562891351e-17
9.913693210035683379e-01
2.775557561562891351e-17
9.913435294409322918e-01
-2.775557561562891351e-17
9.913171376384297684e-01
-2.775557561562891351e-17
9.912901355410168591e-01
0.000000000000000000e+00
9.912625110684053498e-01
2.775557561562891351e-17
9.912342532567509634e-01
-2.775557561562891351e-17
9.912053493906114454e-01
0.000000000000000000e+00
9.911757871535229469e-01
0.000000000000000000e+00
9.911455527628915130e-01
0.000000000000000000e+00
9.911146329589248793e-01
-5.551115123125782702e-17
9.910830126663021655e-01
2.775557561562891351e-17
9.910506770621617667e-01
-5.551115123125782702e-17
9.910176105373091904e-01
-5.551115123125782702e-17
9.909837964148187073e-01
0.000000000000000000e+00
9.909492175012200033e-01
2.775557561562891351e-17
9.909138559598860141e-01
2.775557561562891351e-17
9.908776931195149018e-01
-8.326672684688674053e-17
9.908407094488019817e-01
2.775557561562891351e-17
9.908028845524832207e-01
5.551115123125782702e-17
9.907641971366758504e-01
0.000000000000000000e+00
9.907246249496406421e-01
-2.775557561562891351e-17
9.906841447097611830e-01
-5.551115123125782702e-17
9.906427320831148187e-01
0.000000000000000000e+00
9.906003617411922590e-01
8.326672684688674053e-17
9.905570071636140561e-01
-2.775557561562891351e-17
9.905126403606798746e-01
-2.775557561562891351e-17
9.904672323917907972e-01
2.775557561562891351e-17
9.904207526714963183e-01
0.000000000000000000e+00
9.903731693618482712e-01
1.387778780781445676e-17
9.903244488838460757e-01
-1.387778780781445676e-17
9.902745562718113792e-01
-1.387778780781445676e-17
9.902234546708845730e-01
-1.387778780781445676e-17
9.901711054254573874e-01
-1.387778780781445676e-17
9.901174679866133754e-01
-1.387778780781445676e-17
9.900624997393292492e-01
-2.775557561562891351e-17
9.900061558724200239e-01
4.163336342344337027e-17
9.899483892418839970e-01
1.387778780781445676e-17
9.898891502211696336e-01
-1.387778780781445676e-17
9.898283865615999932e-01
-4.163336342344337027e-17
9.897660431987473917e-01
-1.387778780781445676e-17
9.897020619879615122e-01
6.938893903907228378e-18
9.896363816502483646e-01
-1.387778780781445676e-17
9.895689373694709356e-01
0.000000000000000000e+00
9.894996606991403043e-01
-1.387778780781445676e-17
9.894284791766183584e-01
0.000000000000000000e+00
9.893553160804089419e-01
0.000000000000000000e+00
9.892800901059599639e-01
3.469446951953614189e-18
9.892027150023203763e-01
-8.673617379884035472e-19
9.891230991867752120e-01
0.000000000000000000e+00
9.890411453261741537e-01
1.734723475976807094e-18
9.889567498582783056e-01
0.000000000000000000e+00
9.888698024765698591e-01
3.469446951953614189e-18
9.887801855810657292e-01
0.000000000000000000e+00
9.886877736269596983e-01
-6.938893903907228378e-18
9.885924324392965090e-01
-6.938893903907228378e-18
9.884940184430318633e-01
0.000000000000000000e+00
9.883923778007923655e-01
-1.387778780781445676e-17
9.882873454582571382e-01
1.387778780781445676e-17
9.881787440786375942e-01
0.000000000000000000e+00
9.880663828422384665e-01
0.000000000000000000e+00
9.879500561154989091e-01
-1.387778780781445676e-17
9.878295419371557751e-01
-1.387778780781445676e-17
9.877046003247131889e-01
0.000000000000000000e+00
9.875749713540429298e-01
0.000000000000000000e+00
9.874403729846411570e-01
0.000000000000000000e+00
9.873004985862399163e-01
5.551115123125782702e-17
9.871550141206079099e-01
0.000000000000000000e+00
9.870035549158315824e-01
-5.551115123125782702e-17
9.868457219653419266e-01
0.000000000000000000e+00
9.866810776640242420e-01
2.775557561562891351e-17
9.865091408787594052e-01
-5.551115123125782702e-17
9.863293812262357019e-01
5.551115123125782702e-17
9.861412063562309260e-01
0.000000000000000000e+00
9.859439755118581949e-01
0.000000000000000000e+00
9.857369765480811230e-01
0.000000000000000000e+00
9.855193757444680180e-01
0.000000000000000000e+00
9.852902858792320639e-01
-2.775557561562891351e-17
9.850486811440596346e-01
2.775557561562891351e-17
9.847934290565946158e-01
-2.775557561562891351e-17
9.845232237500871619e-01
2.775557561562891351e-17
9.842365880597744310e-01
2.775557561562891351e-17
9.839318233854797979e-01
-2.775557561562891351e-17
9.836069843909871491e-01
-5.551115123125782702e-17
9.832598127983732672e-01
5.551115123125782702e-17
9.828876822635712607e-01
5.551115123125782702e-17
9.824875066624556563e-01
5.551115123125782702e-17
9.820556403955441604e-01
0.000000000000000000e+00
9.815877338356819859e-01
-2.775557561562891351e-17
9.810785527263266026e-01
-2.775557561562891351e-17
9.805217293820316371e-01
0.000000000000000000e+00
9.799094273444277636e-01
2.775557561562891351e-17
9.792318728769962011e-01
2.775557561562891351e-17
9.784766914801616977e-01
-2.775557561562891351e-17
9.776279422987996792e-01
-5.551115123125782702e-17
9.766646734731064816e-01
0.000000000000000000e+00
9.755586892968215462e-01
0.000000000000000000e+00
9.742708856228594616e-01
2.775557561562891351e-17
9.727455909591791183e-01
2.775557561562891351e-17
9.708990714066880745e-01
-5.551115123125782702e-17
9.685997514265565211e-01
5.551115123125782702e-17
9.656246509402703904e-01
0.000000000000000000e+00
9.615572685473909864e-01
-2.775557561562891351e-17
9.554972356885869100e-01
-5.551115123125782702e-17
9.449664482118678155e-01
1.387778780781445676e-17
9.188042683938075772e-01
0.000000000000000000e+00
6.089787731599101139e-01
0.000000000000000000e+00
1.062824968514516390e-02
2.168404344971008868e-19
1.847057125688350175e-03
0.000000000000000000e+00
6.432694323813188154e-04
1.016439536705160407e-20
2.980530204826439019e-04
-1.694065894508600678e-21
1.615989188025686893e-04
4.235164736271501695e-22
9.683661834066440300e-05
2.117582368135750848e-22
6.221057699855490832e-05
1.058791184067875424e-22
4.207205413328236974e-05
-1.058791184067875424e-22
2.960019138784899737e-05
-5.293955920339377119e-23
2.149176120643583730e-05
0.000000000000000000e+00
1.601009590133349602e-05
5.293955920339377119e-23
1.218410432736734641e-05
0.000000000000000000e+00
9.441612446086927594e-06
3.970466940254532839e-23
7.430849588486934636e-06
1.323488980084844280e-23
5.927665735073611313e-06
1.323488980084844280e-23
4.784796528284318066e-06
1.323488980084844280e-23
3.902899188692828436e-06
6.617444900424221399e-24
3.213393051056306416e-06
0.000000000000000000e+00
2.667960736973654624e-06
3.308722450212110699e-24
2.231940260012532385e-06
0.000000000000000000e+00
1.880060591804432366e-06
1.654361225106055350e-24
1.593627438865740604e-06
3.308722450212110699e-24
1.358628452815636698e-06
-1.654361225106055350e-24
1.164434190988045256e-06
8.271806125530276749e-25
1.002892769632744929e-06
1.654361225106055350e-24
8.676893785631076917e-07
0.000000000000000000e+00
7.538869181400990111e-07
-8.271806125530276749e-25
6.575923624991960015e-07
1.240770918829541512e-24
5.757116060494150690e-07
-8.271806125530276749e-25
5.057673793989187727e-07
4.135903062765138374e-25
4.457626527331961405e-07
4.135903062765138374e-25
3.940772069326452887e-07
-2.067951531382569187e-25
3.493886370810900237e-07
2.067951531382569187e-25
3.106115257225759873e-07
2.067951531382569187e-25
2.768502493924470908e-07
4.135903062765138374e-25
2.473621004056885548e-07
-4.135903062765138374e-25
2.215282749494157633e-07
0.000000000000000000e+00
1.988309044671126089e-07
0.000000000000000000e+00
1.788347623155168974e-07
0.000000000000000000e+00
1.611726112851683077e-07
-2.067951531382569187e-25
1.455334041946307211e-07
2.067951531382569187e-25
1.316527334964266398e-07
2.067951531382569187e-25
1.193050637153526615e-07
5.169878828456422968e-26
1.082973847391725627e-07
5.169878828456422968e-26
9.846400324879719931e-08
-5.169878828456422968e-26
8.966225025594646939e-08
5.169878828456422968e-26
8.176892944823604795e-08
0.000000000000000000e+00
7.467736723743968893e-08
-5.169878828456422968e-26
6.829495359512792160e-08
-5.169878828456422968e-26
6.254108482728486804e-08
-5.169878828456422968e-26
5.734543680139403285e-08
0.000000000000000000e+00
5.264651086468767235e-08
-2.584939414228211484e-26
4.839036674808875500e-08
0.000000000000000000e+00
4.452974564337584322e-08
5.169878828456422968e-26
4.102292631459975515e-08
0.000000000000000000e+00
3.783315615768346367e-08
-3.877409121342317226e-26
3.492795823854390677e-08
1.292469707114105742e-26
3.227858021171949086e-08
0.000000000000000000e+00
2.985952117800410642e-08
0.000000000000000000e+00
2.764812448773903146e-08
2.584939414228211484e-26
2.562422648951715938e-08
0.000000000000000000e+00
2.376985286180884433e-08
0.000000000000000000e+00
2.206895551497489863e-08
0.000000000000000000e+00
2.050718416726931226e-08
-6.462348535570528710e-27
1.907168762394713019e-08
-1.292469707114105742e-26
1.775094055820845535e-08
6.462348535570528710e-27
1.653459223447318335e-08
6.462348535570528710e-27
1.541333415102557186e-08
-1.938704560671158613e-26
1.437878402882817563e-08
6.462348535570528710e-27
1.342338395124916643e-08
-1.292469707114105742e-26
1.254031077781134157e-08
1.292469707114105742e-26
1.172339722389334960e-08
3.231174267785264355e-27
1.096706222580534662e-08
-9.693522803355793065e-27
1.026624940361695394e-08
3.231174267785264355e-27
9.616372598129462935e-09
0.000000000000000000e+00
9.013267598083560142e-09
-3.231174267785264355e-27
8.453149292938098650e-09
0.000000000000000000e+00
7.932573588528553746e-09
-3.231174267785264355e-27
7.448403510297441912e-09
-6.462348535570528710e-27
6.997778993804991994e-09
3.231174267785264355e-27
6.578089926745923868e-09
0.000000000000000000e+00
6.186952062289992964e-09
0.000000000000000000e+00
5.822185471542115314e-09
0.000000000000000000e+00
5.481795244400639865e-09
-1.615587133892632177e-27
5.163954184015881376e-09
0.000000000000000000e+00
4.866987271211136761e-09
0.000000000000000000e+00
4.589357702300436072e-09
1.615587133892632177e-27
4.329654327291822968e-09
1.615587133892632177e-27
4.086580335991711085e-09
1.615587133892632177e-27
3.858943057439956135e-09
0.000000000000000000e+00
3.645644753759960746e-09
0.000000000000000000e+00
3.445674303211445058e-09
8.077935669463160887e-28
3.258099679239893778e-09
1.615587133892632177e-27
3.082061142855756812e-09
1.615587133892632177e-27
2.916765074935643416e-09
8.077935669463160887e-28
2.761478383184668190e-09
0.000000000000000000e+00
2.615523425677374002e-09
8.077935669463160887e-28
2.478273399223955085e-09
-1.615587133892632177e-27
2.349148146400098527e-09
0.000000000000000000e+00
2.227610340021197525e-09
0.000000000000000000e+00
2.113162008216664598e-09
8.077935669463160887e-28
2.005341367138049097e-09
-1.615587133892632177e-27
1.903719931773418588e-09
-1.615587133892632177e-27
1.807899878395970042e-09
-4.038967834731580444e-28
1.717511634890443382e-09
4.038967834731580444e-28
1.632211677618107918e-09
-8.077935669463160887e-28
1.551680515634732370e-09
0.000000000000000000e+00
1.475620844996277127e-09
0.000000000000000000e+00
1.403755857601454863e-09
4.038967834731580444e-28
1.335827690552318809e-09
4.038967834731580444e-28
1.271596003383977895e-09
1.211690350419474133e-27
1.210836671741387224e-09
-4.038967834731580444e-28
1.153340587180013091e-09
0.000000000000000000e+00
1.098912553753068230e-09
0.000000000000000000e+00
1.047370272932873538e-09
-4.038967834731580444e-28
9.985434092087655946e-10
-2.019483917365790222e-28
9.522727294190739740e-10
-2.019483917365790222e-28
9.084093095177971261e-10
4.038967834731580444e-28
8.668138030562884335e-10
0.000000000000000000e+00
8.273557661824046197e-10
-4.038967834731580444e-28
7.899130344310744707e-10
4.038967834731580444e-28
7.543711470054605017e-10
2.019483917365790222e-28
7.206228146325049198e-10
-2.019483917365790222e-28
6.885674274241859999e-10
6.058451752097370666e-28
6.581105994903764028e-10
-2.019483917365790222e-28
