-4.118774322699715640e+01
-3.540671215603342914e-02
-4.133014114551528451e+01
-3.572208846265191584e-02
-4.147381190250942495e+01
-3.604251992005930161e-02
-4.161877598088014452e+01
-3.636812824433333091e-02
-4.176505435874733507e+01
-3.669903911469359070e-02
-4.191266852564277201e+01
-3.703538233702961813e-02
-4.206164049937353866e+01
-3.737729201562362685e-02
-4.221199284359029491e+01
-3.772490673355181900e-02
-4.236374868609594557e+01
-3.807836974228131360e-02
-4.251693173793289304e+01
-3.843782916101629032e-02
-4.267156631328870731e+01
-3.880343818638327946e-02
-4.282767735026330058e+01
-3.917535531308957708e-02
-4.298529043254252002e+01
-3.955374456623071688e-02
-4.314443181202631905e+01
-3.993877574597326507e-02
-4.330512843246277299e+01
-4.033062468539058004e-02
-4.346740795414197578e+01
-4.072947352228510620e-02
-4.363129877970784065e+01
-4.113551098589306176e-02
-4.379683008114911047e+01
-4.154893269943229356e-02
-4.396403182803501153e+01
-4.196994149952667369e-02
-4.413293481706571697e+01
-4.239874777361796188e-02
-4.430357070301124622e+01
-4.283556981656015672e-02
-4.447597203111905628e+01
-4.328063420768392400e-02
-4.465017227107426834e+01
-4.373417620971754849e-02
-4.482620585260328028e+01
-4.419644019106007404e-02
-4.500410820281764757e+01
-4.466768007302054921e-02
-4.518391578540122566e+01
-4.514815980376543636e-02
-4.536566614175152523e+01
-4.563815386085799675e-02
-4.554939793419360683e+01
-4.613794778442543987e-02
-4.573515099139365248e+01
-4.664783874315912848e-02
-4.592296635610816224e+01
-4.716813613553456908e-02
-4.611288633541511217e+01
-4.769916222884032497e-02
-4.630495455358381207e+01
-4.824125283882403636e-02
-4.649921600775214614e+01
-4.879475805300499680e-02
-4.669571712659271157e+01
-4.936004300096838437e-02
-4.689450583216276414e+01
-4.993748867524576418e-02
-4.709563160514846203e+01
-5.052749280670802701e-02
-4.729914555373009932e+01
-5.113047079874845358e-02
-4.750510048631261384e+01
-5.174685672492215782e-02
-4.771355098838598252e+01
-5.237710439513726390e-02
-4.792455350380025436e+01
-5.302168849596543276e-02
-4.813816642076460539e+01
-5.368110581116449648e-02
-4.835445016290425713e+01
-5.435587652908395462e-02
-4.857346728573772054e+01
-5.504654564426743335e-02
-4.879528257896707544e+01
-5.575368446127914462e-02
-4.901996317500817923e+01
-5.647789220957245837e-02
-4.924757866422424968e+01
-5.721979777910135567e-02
-4.947820121736727117e+01
-5.798006158735567739e-02
-4.971190571577653827e+01
-5.875937758959612345e-02
-4.994876988993321731e+01
-5.955847544528915238e-02
-5.018887446702450461e+01
-6.037812285510610333e-02
-5.043230332823146966e+01
-6.121912808438631504e-02
-5.067914367652176821e+01
-6.208234269067858246e-02
-5.092948621580225677e+01
-6.296866447490635788e-02
-5.118342534237019237e+01
-6.387904067787328333e-02
-5.144105934969172012e+01
-6.481447144626992229e-02
-5.170249064764011848e+01
-6.577601359510520940e-02
-5.196782599743920628e+01
-6.676478469660471204e-02
-5.223717676368443108e+01
-6.778196752915285894e-02
-5.251065918495748264e+01
-6.882881492386529187e-02
-5.278839466470803643e+01
-6.990665505093016097e-02
-5.307051008425648320e+01
-7.101689719304821180e-02
-5.335713813997163868e+01
-7.216103805921236791e-02
-5.364841770690433265e+01
-7.334066869883276718e-02
-5.394449423141266209e+01
-7.455748208395651666e-02
-5.424552015560328755e+01
-7.581328143621518523e-02
-5.455165538680263637e+01
-7.710998981917849271e-02
-5.486306775711062755e+01
-7.844965857894523054e-02
-5.517993361877580583e+01
-7.983448083559394060e-02
-5.550243839616011599e+01
-8.126680227790397670e-02
-5.583077723323085451e+01
-8.274913514397583270e-02
-5.616515569000443975e+01
-8.428417332436538567e-02
-5.650579050273419313e+01
-8.587480914211595429e-02
-5.685291041498714293e+01
-8.752415203122182463e-02
-5.720675708770738765e+01
-8.923554936917174607e-02
-5.756758609746525224e+01
-9.101260975935668296e-02
-5.793566803336671001e+01
-9.285922910650801221e-02
-5.831128970458053828e+01
-9.477961988441868657e-02
-5.869475547216745781e+01
-9.677834406182837801e-02
-5.908638872091407990e+01
-9.886035023175895886e-02
-5.948653348924075601e+01
-1.010310155845543512e-01
-5.989555627803594717e+01
-1.032961934788848013e-01
-6.031384806255280040e+01
-1.056622675023375230e-01
-6.074182653539457988e+01
-1.081362130794024656e-01
-6.117993861323769522e+01
-1.107256678865392030e-01
-6.162866324545736063e+01
-1.134390125803067806e-01
-6.208851456942998226e+01
-1.162854636464128177e-01
-6.256004546523570298e+01
-1.192751805492550249e-01
-6.304385157209194546e+01
-1.224193898215636678e-01
-6.354057584051060559e+01
-1.257305293060460016e-01
-6.405091370839721776e+01
-1.292224164767836747e-01
-6.457561900675354138e+01
-1.329104456687643376e-01
-6.511551072214633962e+01
-1.368118201838791625e-01
-6.567148076976084781e+01
-1.409458266939234150e-01
-6.624450296410330452e+01
-1.453341612236428437e-01
-6.683564341614194859e+01
-1.500013184028043955e-01
-6.744607263839881739e+01
-1.549750588078925850e-01
-6.807707970660240449e+01
-1.602869733232430982e-01
-6.873008891254789887e+01
-1.659731688899022395e-01
-6.940667945403629346e+01
-1.720751072744677312e-01
-7.010860885279248578e+01
-1.786406382878163446e-01
-7.083784098213172342e+01
-1.857252822380577595e-01
-7.159657983985050578e+01
-1.933938348107526739e-01
-7.238731054267728382e+01
-2.017223932551629462e-01
-7.321284948189355646e+01
-2.108009390678867168e-01
-7.407640621731673036e+01
-2.207366644362630526e-01
-7.498166057634065851e+01
-2.316583055358090171e-01
-7.593285968425337273e+01
-2.437218580918035227e-01
-7.693494146479277163e+01
-2.571182200769240866e-01
-7.799369380600080603e+01
-2.720835673683683620e-01
-7.911596255618030682e+01
-2.889136791984335817e-01
-8.030992758009512045e+01
-3.079840940660949489e-01
-8.158547560427922463e+01
-3.297790795507801742e-01
-8.295471387536863972e+01
-3.549342904666258347e-01
-8.443269407367259305e+01
-3.843013513883452026e-01
-8.603845972079805904e+01
-4.190488272837347150e-01
-8.779660900360438802e+01
-4.608261478097688824e-01
-8.973971337428849893e+01
-5.120419186381686139e-01
-9.191223787147706048e+01
-5.763649059659120555e-01
-9.437719870401514299e+01
-6.596745981713956208e-01
-9.722840293756817687e+01
-7.720601253791685714e-01
-1.006148177317630825e+02
-9.324459593500260546e-01
-1.047954079748398328e+02
-1.181060347155768797e+00
-1.102850689118232879e+02
-1.620952990926484372e+00
-1.183578109605161615e+02
-2.611932672090501839e+00
-1.337704908902369425e+02
-6.539428671079722477e+00
-1.362063077439540848e+02
-6.349817070597847390e+01
-1.070603709809838620e+02
-3.747854179153046772e+01
-1.124729973031868155e+02
-2.891515315663037455e+01
-1.249605155675957064e+02
-2.658275920354447663e+01
-1.563511134375710299e+02
-3.556034858857374559e+01
-1.060439683185687159e+02
-1.322811328121381962e+02
-7.444765019697945263e+01
-8.270147335205186323e+01
-7.217547751736981354e+01
-6.576693487586086917e+01
-7.243342164774563230e+01
-5.670498470428597670e+01
-7.347034068196077783e+01
-5.081119634213779079e+01
-7.495088980133213852e+01
-4.657677912933102959e+01
-7.681160843616024181e+01
-4.335227862562516776e+01
-7.909016500372842984e+01
-4.080982334906599363e+01
-8.190102753772026745e+01
-3.877184697841714467e+01
-8.546418173883498071e+01
-3.714994285267773932e+01
-9.020087811594532923e+01
-3.593669586578580777e+01
-9.700906241697668975e+01
-3.527029751202812946e+01
-1.082408565435177650e+02
-3.580712098170813817e+01
-1.330524463093996133e+02
-4.218367848049224733e+01
-1.336547778382131355e+02
-1.560226318475066023e+02
-6.133492473454397498e+01
-1.022066265295697889e+02
-5.704287866723709755e+01
-8.213007669394878008e+01
-5.632493758861264155e+01
-7.209313687806832149e+01
-5.642767475589403148e+01
-6.571607049420632052e+01
-5.685461914185869148e+01
-6.115085577888875434e+01
-5.745951464373738560e+01
-5.764374557132324384e+01
-5.818924418168284518e+01
-5.482223091162232720e+01
-5.902433698166375109e+01
-5.247801912000295488e+01
-5.996076270253525564e+01
-5.048419500109001490e+01
-6.100358788093137719e+01
-4.875845388719297091e+01
-6.216493452042850265e+01
-4.724495735239459293e+01
-6.346408951223308037e+01
-4.590467552320078681e+01
-6.492898676223032339e+01
-4.470998606479710702e+01
-6.659960839099157681e+01
-4.364172401830083459e+01
-6.853384498003404701e+01
-4.268785608065942938e+01
-7.081825982275853448e+01
-4.184369588569757781e+01
-7.358845967234478280e+01
-4.111443002846844763e+01
-7.707099689095571193e+01
-4.052267744833031315e+01
-8.167971220058686299e+01
-4.013035925414291683e+01
-8.827534989977847601e+01
-4.011251610542055346e+01
-9.905704516324401254e+01
-4.109507223319741342e+01
-1.222178366278334067e+02
-4.699948653223830775e+01
-1.478532216451072259e+02
-1.564396658052215514e+02
-5.279392947565078487e+01
-1.128163464355228740e+02
-4.747333422991679441e+01
-9.109456810210812705e+01
-4.639256108442916116e+01
-8.065885679176409440e+01
-4.620619986089241138e+01
-7.417162500163763639e+01
-4.634484734537676331e+01
-6.959186580496265151e+01
-4.664201151500761000e+01
-6.610576973424832659e+01
-4.703430766397269736e+01
-6.331735122866126630e+01
-4.749386257839356063e+01
-6.100780722261389144e+01
-4.800765105755574780e+01
-5.904502648191773773e+01
-4.856985212666538132e+01
-5.734384059826941638e+01
-4.917864423694019393e+01
-5.584650893905613600e+01
-4.983476197744290914e+01
-5.451229932711942183e+01
-5.054084773133520514e+01
-5.331154887385429220e+01
-5.130121370560368632e+01
-5.222209778971117089e+01
-5.212185611796370210e+01
-5.122705780188480418e+01
-5.301066495914022170e+01
-5.031337167747419414e+01
-5.397782936246309760e+01
-4.947086598755037556e+01
-5.503648325342075509e+01
-4.869162993604422240e+01
-5.620368755461073107e+01
-4.796962850428386815e+01
-5.750192325412170646e+01
-4.730050873036048387e+01
-5.896140535425958262e+01
-4.668160232098851736e+01
-6.062378313493594817e+01
-4.611218574703129747e+01
-6.254830732492949608e+01
-4.559416400378236034e+01
-6.482265821967732222e+01
-4.513357977380577069e+01
-6.758324365211970530e+01
-4.474395684819470631e+01
-7.105658273418779913e+01
-4.445427385994166514e+01
-7.565363062444109232e+01
-4.433054180161011004e+01
-8.222103320843638130e+01
-4.454652949159427067e+01
-9.288843271986385730e+01
-4.569856315751292186e+01
-1.153495498394015897e+02
-5.131725445850977962e+01
-1.581349495832243406e+02
-1.519341650691371512e+02
-4.652083175139519966e+01
-1.226854735124967561e+02
-4.024274144928611463e+01
-9.908180527778965541e+01
-3.891267315696457985e+01
-8.808179106068675424e+01
-3.856890788318726493e+01
-8.136061087731820862e+01
-3.856997149098992850e+01
-7.667331433225054127e+01
-3.873163996793906705e+01
-7.313915614000012511e+01
-3.898387115597398633e+01
-7.033397764335271063e+01
-3.929526409864308789e+01
-6.802516584046196613e+01
-3.965026047370368190e+01
-6.607311105821639785e+01
-4.004075074229239561e+01
-6.438826179867723454e+01
-4.046252874000273181e+01
-6.291016322510986924e+01
-4.091363934860943630e+01
-6.159631441306343902e+01
-4.139355441077758258e+01
-6.041583679318436850e+01
-4.190274613080174504e+01
-5.934567761131211938e+01
-4.244246884336392611e+01
-5.836823149192798610e+01
-4.301465971120870080e+01
-5.746979436116716755e+01
-4.362191636225553992e+01
-5.663952736162804769e+01
-4.426753116869495841e+01
-5.586874481414504601e+01
-4.495557566550801454e+01
-5.515041473924478055e+01
-4.569103726188664893e+01
-5.447880366722600343e+01
-4.648001794171337053e+01
-5.384922285079086635e+01
-4.733001332617649837e+01
-5.325784895283970144e+01
-4.825030220979053297e+01
-5.270160314060281337e+01
-4.925249429426455805e+01
-5.217808066019999558e+01
-5.035131219820883075e+01
-5.168553065388644541e+01
-5.156573166327851965e+01
-5.122289516856822900e+01
-5.292068758536159834e+01
-5.078993067882689871e+01
-5.444970835057454650e+01
-5.038746134843087532e+01
-5.619913720159160420e+01
-5.001786521213608694e+01
-5.823520883308422214e+01
-4.968601152357182826e+01
-6.065657842525201460e+01
-4.940114577168219512e+01
-6.361807547230054638e+01
-4.918096614748651518e+01
-6.737986099464819745e+01
-4.906138772387264169e+01
-7.242178622020573187e+01
-4.912351384058287351e+01
-7.975720049468245065e+01
-4.958531690955579307e+01
-9.204291862167170279e+01
-5.123665161537944357e+01
-1.197004294282512262e+02
-5.945200912116014536e+01
-1.149785277693350878e+02
-1.867980938749589370e+02
-3.850076323663661526e+01
-1.267588574779416462e+02
-3.346015892870794772e+01
-1.053595267181428881e+02
-3.224477051313222375e+01
-9.483629638819357410e+01
-3.188896523474185329e+01
-8.827005414798247784e+01
-3.184823377954089807e+01
-8.364737334549593584e+01
-3.195714983691985012e+01
-8.014713286264600356e+01
-3.215060426922683945e+01
-7.736458633095608661e+01
-3.239860003146588951e+01
-7.507431394582215489e+01
-3.268584218018911258e+01
-7.313954142998430541e+01
-3.300403028399107797e+01
-7.147183179760756389e+01
-3.334853742443819158e+01
-7.001112129410896046e+01
-3.371683199587788238e+01
-6.871498695966822368e+01
-3.410767223499846779e+01
-6.755249275382379892e+01
-3.452067162866803329e+01
-6.650047269407303929e+01
-3.495605853860234191e+01
-6.554118675007521233e+01
-3.541454240726595515e+01
-6.466078958163049606e+01
-3.589724371406922643e+01
-6.384829707569831214e+01
-3.640566480797235016e+01
-6.309487149573553211e+01
-3.694168925767615264e+01
-6.239331693584644256e+01
-3.750760613650625430e+01
-6.173771524877615491e+01
-3.810615596747342693e+01
-6.112315733556361863e+01
-3.874059689204882062e+01
-6.054554498837313758e+01
-3.941479900632827338e+01
-6.000144497079131867e+01
-4.013337175958479008e+01
-5.948797784428539615e+01
-4.090183143924576825e+01
-5.900273729954116675e+01
-4.172682731474555595e+01
-5.854373297966937884e+01
-4.261644222476145671e+01
-5.810935520928514109e+01
-4.358060986952222748e+01
-5.769836444577725842e+01
-4.463168811102499944e+01
-5.730989517476967876e+01
-4.578526931808789868e+01
-5.694350551241804936e+01
-4.706136013946630925e+01
-5.659925951522005505e+01
-4.848612864153522395e+01
-5.627788877000667611e+01
-5.009458660776109440e+01
-5.598107440478635510e+01
-5.193485523104028800e+01
-5.571195271813593308e+01
-5.407525217498891124e+01
-5.547605419854907893e+01
-5.661670577050104214e+01
-5.528314726385130484e+01
-5.971597497985109726e+01
-5.515114201414695572e+01
-6.363287057282082770e+01
-5.511522585785735373e+01
-6.883753256669592702e+01
-5.525234914066322744e+01
-7.629485898358075247e+01
-5.576087166218967894e+01
-8.841665767076202087e+01
-5.731144412066024785e+01
-1.138085529946670817e+02
-6.378745274768029816e+01
-1.694335219623843329e+02
-1.734530227101948014e+02
-3.504409809748931792e+01
-1.487080371779850054e+02
-2.725735665945603614e+01
-1.208029780844273375e+02
-2.553020661407682468e+01
-1.080398074558529942e+02
-2.498094743280949359e+01
-1.003494799835163462e+02
-2.483618636782309608e+01
-9.505261746627070352e+01
-2.487556329649822118e+01
-9.110534402535702725e+01
-2.501540066016288222e+01
-8.800719289630555409e+01
-2.521795557050082692e+01
-8.548462879934909608e+01
-2.546418837885217812e+01
-8.337394623280165717e+01
-2.574376686975582373e+01
-8.157040658650372222e+01
-2.605084433722126391e+01
-8.000347383400249157e+01
-2.638208203360139237e+01
-7.862367604026019308e+01
-2.673564722252595516e+01
-7.739515089871599685e+01
-2.711067436733823399e+01
-7.629118156223100300e+01
-2.750696270914168196e+01
-7.529140177955942193e+01
-2.792480232644066618e+01
-7.437997979893565059e+01
-2.836487423821530029e+01
-7.354440039035513621e+01
-2.882819582586553153e+01
-7.277462554162823949e+01
-2.931609596872561241e+01
-7.206250237129648895e+01
-2.983021137585338067e+01
-7.140133685672040542e+01
-3.037249967745147927e+01
-7.078558149894713836e+01
-3.094526739046317942e+01
-7.021060302554968757e+01
-3.155121266538975178e+01
-6.967250750388548397e+01
-3.219348419471854328e+01
-6.916800749759670452e+01
-3.287575910688806857e+01
-6.869432070485790121e+01
-3.360234432014489414e+01
-6.824909279611324564e+01
-3.437830793676301511e+01
-6.783033949712790900e+01
-3.520965013981314229e+01
-6.743640471671872660e+01
-3.610352717769073649e+01
-6.706593296802742543e+01
-3.706854811193639421e+01
-6.671785570681359445e+01
-3.811517324376302440e+01
-6.639139275405580065e+01
-3.925625751437438282e+01
-6.608607201528984376e+01
-4.050780515226283285e+01
-6.580177379394575610e+01
-4.189003962830945937e+01
-6.553881109441478259e+01
-4.342895714378428806e+01
-6.529806631750079760e+01
-4.515864485375025339e+01
-6.508122156779609213e+01
-4.712485241461337182e+01
-6.489115292303156934e+01
-4.939070502556641884e+01
-6.473262817314466133e+01
-5.204626129927454770e+01
-6.461360180733771585e+01
-5.522540027979384547e+01
-6.454777348036816420e+01
-5.913775392749907667e+01
-6.456006707953380896e+01
-6.413457829346890549e+01
-6.469966900207454330e+01
-7.086133612147018823e+01
-6.507581932089370014e+01
-8.067382406799460171e+01
-6.597849276411936614e+01
-9.709567385704647791e+01
-6.844346039903535939e+01
-1.337139403438621343e+02
-7.930885743735160531e+01
-1.413201255110477916e+02
-2.530460305295989656e+02
-2.469436605074605495e+01
-1.744223561799961431e+02
-1.725572524843130395e+01
-1.446622408298069331e+02
-1.536156865662835358e+01
-1.303474002071443465e+02
-1.468405821934859823e+01
-1.215756735086545035e+02
-1.444672228206805187e+01
-1.155074562498237185e+02
-1.441615654522731660e+01
-1.109938444656439600e+02
-1.450108468093611336e+01
-1.074715004616362535e+02
-1.465964639385257406e+01
-1.046279604498188149e+02
-1.487058085227527471e+01
-1.022743189593836206e+02
-1.512239760454887261e+01
-1.002888624586767037e+02
-1.540872686705183625e+01
-9.858923775651932431e+01
-1.572611710355930015e+01
-9.711752715351178722e+01
-1.607291240121326581e+01
-9.583170919248807706e+01
-1.644864921095781085e+01
-9.470051094482882093e+01
-1.685372174709632276e+01
-9.370016858394387782e+01
-1.728919584020678712e+01
-9.281231442820525501e+01
-1.775671043452640774e+01
-9.202255653193657281e+01
-1.825843482396686923e+01
-9.131949926515386551e+01
-1.879706469194317719e+01
-9.069405352636682949e+01
-1.937584830693664628e+01
-9.013894258657705905e+01
-1.999863920904039816e+01
-8.964834359600084213e+01
-2.066997508706886322e+01
-8.921762565347385987e+01
-2.139518520222856424e+01
-8.884315854018758785e+01
-2.218053122348139539e+01
-8.852217484602039121e+01
-2.303338912157804685e+01
-8.825267406931128278e+01
-2.396248322775299755e+01
-8.803336144701725630e+01
-2.497818818434529931e+01
-8.786361747723492499e+01
-2.609292096779622838e+01
-8.774349683181384307e+01
-2.732165445010984683e+01
-8.767375803736115358e+01
-2.868259764639081055e+01
-8.765592835321078269e+01
-3.019810839239668354e+01
-8.769241223449702716e+01
-3.189593587873184788e+01
-8.778665744324604248e+01
-3.381094033038582580e+01
-8.794340159270109325e+01
-3.598751757003722673e+01
-8.816903602964931963e+01
-3.848308963182772402e+01
-8.847214782696656243e+01
-4.137325102396351895e+01
-8.886434361975156548e+01
-4.475956313387158048e+01
-8.936152864030472642e+01
-4.878173908339786635e+01
-8.998599147480027227e+01
-5.363738923662032221e+01
-9.076988644070635814e+01
-5.961545049241560434e+01
-9.176145151141133738e+01
-6.715574364124543649e+01
-9.303672625173069832e+01
-7.696209357776568538e+01
-9.472352303347186364e+01
-9.023486309272294648e+01
-9.705540687764619179e+01
-1.092009723835029433e+02
-1.005098867212366400e+02
-1.385026389759976269e+02
-1.062295277549320360e+02
-1.896468184389970588e+02
-1.176804539839156547e+02
-3.006235811195731458e+02
-1.506860864597405225e+02
-6.855816673162862571e+02
-3.907790963242903217e+02
9.530953512490077628e+02
-7.147959363047111765e+02
3.691950426708689861e+02
-1.591069723146485160e+02
2.216786927874872504e+02
-1.207021697388324952e+02
1.602404600904106644e+02
-1.178790595976790598e+02
1.387256410295487967e+02
-1.376487840139316745e+02
1.544839913329826686e+02
-8.600550592496291813e+01
1.192606308581822248e+02
-7.647930135323031209e+01
1.004785267701583820e+02
-7.469314979132661847e+01
8.768784925862637181e+01
-7.416849331104194221e+01
7.813682906762376490e+01
-7.416884380696549783e+01
7.064359138344090638e+01
-7.450340426082769341e+01
6.457537733215144726e+01
-7.511877478777971362e+01
5.955252721665155491e+01
-7.602380544940471907e+01
5.533387838585253604e+01
-7.727833912840355879e+01
5.176759592977199986e+01
-7.901248252516377590e+01
4.877919068436895600e+01
-8.149191117200163603e+01
4.641714887351582774e+01
-8.531664589659501985e+01
4.517413210816509661e+01
-9.219194706119068883e+01
5.002358694416316354e+01
-1.098598628242215653e+02
9.976170963533107283e+01
-7.800521720908773204e+01
7.240232974027357216e+01
-6.236298777105699287e+01
6.213014637742820412e+01
-6.075423017678662063e+01
5.606860230520054245e+01
-6.041664175968247719e+01
5.175563796074144562e+01
-6.043911514707554034e+01
4.838807287354575948e+01
-6.062790965071909710e+01
4.561373165738292101e+01
-6.092235625727906267e+01
4.324877253923551734e+01
-6.130070629208832145e+01
4.118546212451116872e+01
-6.175638198315820659e+01
3.935528016504143523e+01
-6.229039238044406090e+01
3.771196377324540094e+01
-6.290869431193307548e+01
3.622289740853397433e+01
-6.362148504599517196e+01
3.486441955501178569e+01
-6.444351591745996188e+01
3.361916821756367568e+01
-6.539523549845353045e+01
3.247461859039769649e+01
-6.650495786202657200e+01
3.142246878096175777e+01
-6.781265154082763047e+01
3.045890410916423008e+01
-6.937669323795799414e+01
2.958627097404757933e+01
-7.128666432941241737e+01
2.881798115039671515e+01
-7.368982251110153925e+01
2.819308726259056286e+01
-7.685309394734501609e+01
2.782833012638186432e+01
-8.133664387142975727e+01
2.818352424414310065e+01
-8.863566637229990874e+01
3.297838575772721015e+01
-1.050597545584910222e+02
8.526003056521346934e+01
-8.450132526640980757e+01
5.856339574237573231e+01
-6.755887312147525847e+01
4.961054425556363867e+01
-6.915055366989574281e+01
4.506782348403816485e+01
-7.358053365237132937e+01
4.275683259727332342e+01
-8.131065102158481750e+01
4.360342905256151624e+01
-9.669178860409128617e+01
7.215726112551557492e+01
-1.438055274059736632e+02
1.259448368493715407e+02
-4.570031299099845512e+01
9.190134686050143387e+01
-3.305505043494625284e+01
7.762154744774747428e+01
-3.080183123903241338e+01
6.905636193391174515e+01
-3.002746149454194580e+01
6.304362998124733508e+01
-2.971126369476896656e+01
5.844227186865256840e+01
-2.959675970321985972e+01
5.472561421372705581e+01
-2.959355161916785093e+01
5.161130430512103828e+01
-2.966352307993447113e+01
4.893186055511192478e+01
-2.978927536293959122e+01
4.658044628158140199e+01
-2.996319718668933518e+01
4.448507373809609078e+01
-3.018314759943837089e+01
4.259516979434637562e+01
-3.045069281104650827e+01
4.087404111081571045e+01
-3.077051163661240096e+01
3.929445113612926832e+01
-3.115053114689609970e+01
3.783592732533616498e+01
-3.160265524573275542e+01
3.648315160644319377e+01
-3.214429645975033623e+01
3.522513995008716847e+01
-3.280112404408899351e+01
3.405518205909588403e+01
-3.361213442713890487e+01
3.297197564711688500e+01
-3.463941677724304924e+01
3.198334229961260533e+01
-3.598868357682151498e+01
3.111761784275761755e+01
-3.785781199020643584e+01
3.046421504602239239e+01
-4.067297112630571121e+01
3.037607331954232848e+01
-4.558681866581954978e+01
3.354818370246563575e+01
-5.739746013425919102e+01
8.050352047973429137e+01
-4.369329759677686553e+01
5.589800208254274594e+01
-2.279852830581039314e+01
4.727735960368437418e+01
-2.109722273623923172e+01
4.251884423261559220e+01
-2.066914238711430940e+01
3.924272307718716490e+01
-2.055714904145506239e+01
3.672226808279384613e+01
-2.057407619433418944e+01
3.465256700549306856e+01
-2.066285606245712358e+01
3.288020728909953050e+01
-2.080256199093790315e+01
3.131831433529150033e+01
-2.098578203358646732e+01
2.991343788911586188e+01
-2.121156093014382904e+01
2.863065822106977620e+01
-2.148298907046073580e+01
2.744615216292375237e+01
-2.180654823735640235e+01
2.634323827166085863e+01
-2.219240040344570630e+01
2.531019366570813389e+01
-2.265548666701205605e+01
2.433912883591412069e+01
-2.321766676038557975e+01
2.342567771035687230e+01
-2.391165040350107773e+01
2.256963921891189528e+01
-2.478841652098336468e+01
2.177742739533420036e+01
-2.593220961401148372e+01
2.106928643882644181e+01
-2.749413022519110683e+01
2.050271454976302721e+01
-2.977913407745033680e+01
2.027095384926443700e+01
-3.352609994965284557e+01
2.138916686580746074e+01
-4.120546975310163162e+01
4.406170425861078854e+01
-6.506539843489839825e+01
5.375605212088198925e+01
-1.479961358872473198e+01
4.074300247015341370e+01
-1.087787245253705493e+01
3.469195456196191429e+01
-1.011243615139002472e+01
3.082261968337532210e+01
-9.894837694872075318e+00
2.795920349896575985e+01
-9.872133365254022408e+00
2.566003260743040926e+01
-9.954864216093435303e+00
2.371765673274415676e+01
-1.011736420302463380e+01
2.202060765328312897e+01
-1.035842825272202816e+01
2.050400876823628948e+01
-1.069257200783605022e+01
1.912938498250605335e+01
-1.115190786864648587e+01
1.787716108295923689e+01
-1.179751868566308914e+01
1.674924230923408786e+01
-1.275057239210824456e+01
1.579514093340348424e+01
-1.428497439453276741e+01
1.526711250955076338e+01
-1.718889001072421507e+01
1.758467106563464810e+01
-2.511155712295854769e+01
3.980878585867361608e+01
-8.998181347949461895e+00
2.660094041679500521e+01
-1.879000964207382163e+00
2.128730573963365202e+01
-1.012779047782524700e+00
1.792026037994878962e+01
-7.206526326739173260e-01
1.535089777586749449e+01
-5.809196717892264328e-01
1.320103929415956756e+01
-5.011865005011073571e-01
1.130410620863299087e+01
-4.507256279798482757e-01
9.572805084108747309e+00
-4.166773785288736542e-01
7.955616846408195997e+00
-3.928091774145257009e-01
6.419273475925454164e+00
-3.757824065865782437e-01
4.940636621046952115e+00
-3.636823471188272983e-01
3.502509096368863872e+00
-3.553652832958270613e-01
2.091270492892002508e+00
-3.501428201647760474e-01
6.954196328511434988e-01
-3.476214177279589035e-01
-6.954196328511834668e-01
-3.476214177278620365e-01
-2.091270492892002508e+00
-3.501428201647760474e-01
-3.502509096368863872e+00
-3.553652832958270613e-01
-4.940636621046952115e+00
-3.636823471188272983e-01
-6.419273475925368011e+00
-3.757824065865774110e-01
-7.955616846408284815e+00
-3.928091774145275883e-01
-9.572805084108747309e+00
-4.166773785288736542e-01
-1.130410620863299087e+01
-4.507256279798482757e-01
-1.320103929415946808e+01
-5.011865005011051366e-01
-1.535089777586737370e+01
-5.809196717892212147e-01
-1.792026037994892107e+01
-7.206526326739179922e-01
-2.128730573963365202e+01
-1.012779047782524700e+00
-2.660094041679500521e+01
-1.879000964207382163e+00
-3.980878585867181130e+01
-8.998181347947291187e+00
-1.758467106563519167e+01
-2.511155712295934705e+01
-1.526711250955083088e+01
-1.718889001072414402e+01
-1.579514093340348424e+01
-1.428497439453276741e+01
-1.674924230923408786e+01
-1.275057239210824456e+01
-1.787716108295917650e+01
-1.179751868566313533e+01
-1.912938498250598940e+01
-1.115190786864652495e+01
-2.050400876823637475e+01
-1.069257200783602713e+01
-2.202060765328312897e+01
-1.035842825272202816e+01
-2.371765673274415676e+01
-1.011736420302463380e+01
-2.566003260743030268e+01
-9.954864216093440632e+00
-2.795920349896559998e+01
-9.872133365254029513e+00
-3.082261968337549973e+01
-9.894837694872080647e+00
-3.469195456196191429e+01
-1.011243615139002472e+01
-4.074300247015341370e+01
-1.087787245253705493e+01
-5.375605212088071738e+01
-1.479961358872410848e+01
-4.406170425861605366e+01
-6.506539843489957775e+01
-2.138916686580729731e+01
-4.120546975310101345e+01
-2.027095384926443700e+01
-3.352609994965284557e+01
-2.050271454976302721e+01
-2.977913407745033680e+01
-2.106928643882641694e+01
-2.749413022519118499e+01
-2.177742739533416128e+01
-2.593220961401155478e+01
-2.256963921891189528e+01
-2.478841652098336468e+01
-2.342567771035687230e+01
-2.391165040350107773e+01
-2.433912883591412069e+01
-2.321766676038557975e+01
-2.531019366570799178e+01
-2.265548666701217684e+01
-2.634323827166070942e+01
-2.219240040344578802e+01
-2.744615216292375237e+01
-2.180654823735640235e+01
-2.863065822106977620e+01
-2.148298907046073580e+01
-2.991343788911586188e+01
-2.121156093014382904e+01
-3.131831433529148967e+01
-2.098578203358646732e+01
-3.288020728909948076e+01
-2.080256199093789959e+01
-3.465256700549306856e+01
-2.066285606245712358e+01
-3.672226808279384613e+01
-2.057407619433418944e+01
-3.924272307718716490e+01
-2.055714904145506239e+01
-4.251884423261523693e+01
-2.066914238711428808e+01
-4.727735960368499946e+01
-2.109722273623935251e+01
-5.589800208254274594e+01
-2.279852830581039314e+01
-8.050352047973429137e+01
-4.369329759677686553e+01
-3.354818370246563575e+01
-5.739746013425919102e+01
-3.037607331954224676e+01
-4.558681866582005426e+01
-3.046421504602234620e+01
-4.067297112630554068e+01
-3.111761784275761755e+01
-3.785781199020643584e+01
-3.198334229961260533e+01
-3.598868357682151498e+01
-3.297197564711688500e+01
-3.463941677724304924e+01
-3.405518205909586982e+01
-3.361213442713903987e+01
-3.522513995008727505e+01
-3.280112404408910010e+01
-3.648315160644319377e+01
-3.214429645975033623e+01
-3.783592732533616498e+01
-3.160265524573275542e+01
-3.929445113612926832e+01
-3.115053114689609970e+01
-4.087404111081564650e+01
-3.077051163661239030e+01
-4.259516979434647510e+01
-3.045069281104650472e+01
-4.448507373809609078e+01
-3.018314759943837089e+01
-4.658044628158140199e+01
-2.996319718668933518e+01
-4.893186055511192478e+01
-2.978927536293959122e+01
-5.161130430512086775e+01
-2.966352307993446402e+01
-5.472561421372723345e+01
-2.959355161916786159e+01
-5.844227186865256840e+01
-2.959675970321985972e+01
-6.304362998124733508e+01
-2.971126369476896656e+01
-6.905636193391148936e+01
-3.002746149454197777e+01
-7.762154744774947801e+01
-3.080183123902999398e+01
-9.190134686050353707e+01
-3.305505043494670048e+01
-1.259448368493715407e+02
-4.570031299099845512e+01
-7.215726112551557492e+01
-1.438055274059736632e+02
-4.360342905256045754e+01
-9.669178860409212461e+01
-4.275683259727340157e+01
-8.131065102158504487e+01
-4.506782348403847038e+01
-7.358053365237087462e+01
-4.961054425556363867e+01
-6.915055366989574281e+01
-5.856339574237573231e+01
-6.755887312147525847e+01
-8.526003056521142298e+01
-8.450132526640611275e+01
-3.297838575772809122e+01
-1.050597545584927559e+02
-2.818352424414294433e+01
-8.863566637229961032e+01
-2.782833012638186432e+01
-8.133664387142975727e+01
-2.819308726259056286e+01
-7.685309394734501609e+01
-2.881798115039668318e+01
-7.368982251110193715e+01
-2.958627097405057071e+01
-7.128666432941541586e+01
-3.045890410915954405e+01
-6.937669323794935394e+01
-3.142246878096175777e+01
-6.781265154082763047e+01
-3.247461859039769649e+01
-6.650495786202657200e+01
-3.361916821756364016e+01
-6.539523549845355888e+01
-3.486441955501169332e+01
-6.444351591746004715e+01
-3.622289740853410223e+01
-6.362148504599518617e+01
-3.771196377324540094e+01
-6.290869431193307548e+01
-3.935528016504143523e+01
-6.229039238044406090e+01
-4.118546212451121846e+01
-6.175638198315874661e+01
-4.324877253923555998e+01
-6.130070629208849198e+01
-4.561373165738292101e+01
-6.092235625727906267e+01
-4.838807287354575948e+01
-6.062790965071909710e+01
-5.175563796074144562e+01
-6.043911514707554034e+01
-5.606860230520013033e+01
-6.041664175968111294e+01
-6.213014637742620749e+01
-6.075423017678444637e+01
-7.240232974027357216e+01
-6.236298777105699287e+01
-9.976170963533107283e+01
-7.800521720908773204e+01
-5.002358694416316354e+01
-1.098598628242215653e+02
-4.517413210816509661e+01
-9.219194706119128568e+01
-4.641714887351595564e+01
-8.531664589659472142e+01
-4.877919068436895600e+01
-8.149191117200163603e+01
-5.176759592977199986e+01
-7.901248252516377590e+01
-5.533387838585253604e+01
-7.727833912840355879e+01
-5.955252721665092963e+01
-7.602380544940490381e+01
-6.457537733215130515e+01
-7.511877478778006889e+01
-7.064359138344090638e+01
-7.450340426082769341e+01
-7.813682906762376490e+01
-7.416884380696549783e+01
-8.768784925862637181e+01
-7.416849331104194221e+01
-1.004785267701574583e+02
-7.469314979132661847e+01
-1.192606308581836885e+02
-7.647930135323042578e+01
-1.544839913329826686e+02
-8.600550592496291813e+01
-1.387256410295487967e+02
-1.376487840139316745e+02
-1.602404600904106644e+02
-1.178790595976790598e+02
-2.216786927874831861e+02
-1.207021697388340158e+02
-3.691950426708849591e+02
-1.591069723146573835e+02
-9.530953512490077628e+02
-7.147959363047111765e+02
6.855816673162862571e+02
-3.907790963242903217e+02
3.006235811195731458e+02
-1.506860864597405225e+02
1.896468184390018621e+02
-1.176804539839168484e+02
1.385026389759956373e+02
-1.062295277549310129e+02
1.092009723835029433e+02
-1.005098867212366400e+02
9.023486309272294648e+01
-9.705540687764619179e+01
7.696209357776568538e+01
-9.472352303347186364e+01
6.715574364124591966e+01
-9.303672625173078359e+01
5.961545049241526328e+01
-9.176145151141122369e+01
5.363738923662032221e+01
-9.076988644070635814e+01
4.878173908339786635e+01
-8.998599147480027227e+01
4.475956313387167995e+01
-8.936152864030509591e+01
4.137325102396400922e+01
-8.886434361975187812e+01
3.848308963182425657e+01
-8.847214782696866564e+01
3.598751757003722673e+01
-8.816903602964931963e+01
3.381094033038582580e+01
-8.794340159270109325e+01
3.189593587873216407e+01
-8.778665744324608511e+01
3.019810839239638511e+01
-8.769241223449887457e+01
2.868259764639588028e+01
-8.765592835321220377e+01
2.732165445010984683e+01
-8.767375803736115358e+01
2.609292096779622838e+01
-8.774349683181384307e+01
2.497818818434534194e+01
-8.786361747723523763e+01
2.396248322775316097e+01
-8.803336144701736998e+01
2.303338912158274709e+01
-8.825267406931050118e+01
2.218053122348139539e+01
-8.852217484602039121e+01
2.139518520222856424e+01
-8.884315854018758785e+01
2.066997508706385389e+01
-8.921762565347268037e+01
1.999863920904047632e+01
-8.964834359600088476e+01
1.937584830693674576e+01
-9.013894258657609271e+01
1.879706469194317719e+01
-9.069405352636682949e+01
1.825843482396686923e+01
-9.131949926515386551e+01
1.775671043452535969e+01
-9.202255653193785179e+01
1.728919584020636790e+01
-9.281231442820561028e+01
1.685372174709610249e+01
-9.370016858394384940e+01
1.644864921095781085e+01
-9.470051094482882093e+01
1.607291240121326581e+01
-9.583170919248807706e+01
1.572611710355927173e+01
-9.711752715351188670e+01
1.540872686705149164e+01
-9.858923775651786059e+01
1.512239760454887261e+01
-1.002888624586767037e+02
1.487058085227527471e+01
-1.022743189593836206e+02
1.465964639385257406e+01
-1.046279604498188149e+02
1.450108468093625724e+01
-1.074715004616362108e+02
1.441615654522963297e+01
-1.109938444656439174e+02
1.444672228206805187e+01
-1.155074562498237185e+02
1.468405821934859823e+01
-1.215756735086545035e+02
1.536156865662835358e+01
-1.303474002071443465e+02
1.725572524843558497e+01
-1.446622408298084110e+02
2.469436605074512414e+01
-1.744223561799940683e+02
1.413201255110477916e+02
-2.530460305295989656e+02
1.337139403438621343e+02
-7.930885743735160531e+01
9.709567385704647791e+01
-6.844346039903535939e+01
8.067382406799649175e+01
-6.597849276411771768e+01
7.086133612146969085e+01
-6.507581932089361487e+01
6.413457829346890549e+01
-6.469966900207454330e+01
5.913775392749907667e+01
-6.456006707953380896e+01
5.522540027979384547e+01
-6.454777348036816420e+01
5.204626129927491718e+01
-6.461360180733807113e+01
4.939070502556610620e+01
-6.473262817314449080e+01
4.712485241461337182e+01
-6.489115292303156934e+01
4.515864485375025339e+01
-6.508122156779609213e+01
4.342895714378428806e+01
-6.529806631750079760e+01
4.189003962830984307e+01
-6.553881109441539365e+01
4.050780515226281153e+01
-6.580177379394589821e+01
3.925625751437438282e+01
-6.608607201528984376e+01
3.811517324376302440e+01
-6.639139275405580065e+01
3.706854811193639421e+01
-6.671785570681359445e+01
3.610352717769092123e+01
-6.706593296802748227e+01
3.520965013981304992e+01
-6.743640471671891135e+01
3.437830793676301511e+01
-6.783033949712790900e+01
3.360234432014489414e+01
-6.824909279611324564e+01
3.287575910688806857e+01
-6.869432070485790121e+01
3.219348419471852196e+01
-6.916800749759673295e+01
3.155121266538966296e+01
-6.967250750388552660e+01
3.094526739046317942e+01
-7.021060302554968757e+01
3.037249967745147927e+01
-7.078558149894713836e+01
2.983021137585334870e+01
-7.140133685672036279e+01
2.931609596872559109e+01
-7.206250237129647473e+01
2.882819582586549956e+01
-7.277462554162828212e+01
2.836487423821530029e+01
-7.354440039035513621e+01
2.792480232644066618e+01
-7.437997979893565059e+01
2.750696270914173169e+01
-7.529140177955942193e+01
2.711067436733836189e+01
-7.629118156223110248e+01
2.673564722252633885e+01
-7.739515089871609632e+01
2.638208203360139237e+01
-7.862367604026019308e+01
2.605084433722126391e+01
-8.000347383400249157e+01
2.574376686975589479e+01
-8.157040658650363696e+01
2.546418837885225628e+01
-8.337394623280124506e+01
2.521795557050095482e+01
-8.548462879934925240e+01
2.501540066016288222e+01
-8.800719289630555409e+01
2.487556329649822118e+01
-9.110534402535702725e+01
2.483618636782330924e+01
-9.505261746627068931e+01
2.498094743280944385e+01
-1.003494799835160336e+02
2.553020661407753877e+01
-1.080398074558534205e+02
2.725735665945603614e+01
-1.208029780844273375e+02
3.504409809748931792e+01
-1.487080371779850054e+02
1.694335219623748117e+02
-1.734530227102121671e+02
1.138085529946691992e+02
-6.378745274768098739e+01
8.841665767076115401e+01
-5.731144412066010574e+01
7.629485898358075247e+01
-5.576087166218967894e+01
6.883753256669592702e+01
-5.525234914066322744e+01
6.363287057282107639e+01
-5.511522585785732531e+01
5.971597497985143121e+01
-5.515114201414729678e+01
5.661670577050104214e+01
-5.528314726385130484e+01
5.407525217498891124e+01
-5.547605419854907893e+01
5.193485523104028800e+01
-5.571195271813593308e+01
5.009458660776114414e+01
-5.598107440478629826e+01
4.848612864153533053e+01
-5.627788877000659795e+01
4.706136013946630925e+01
-5.659925951522005505e+01
4.578526931808789868e+01
-5.694350551241804936e+01
4.463168811102499944e+01
-5.730989517476967876e+01
4.358060986952229854e+01
-5.769836444577727264e+01
4.261644222476139277e+01
-5.810935520928518372e+01
4.172682731474555595e+01
-5.854373297966937884e+01
4.090183143924576825e+01
-5.900273729954116675e+01
4.013337175958479008e+01
-5.948797784428539615e+01
3.941479900632829469e+01
-6.000144497079135419e+01
3.874059689204878509e+01
-6.054554498837323706e+01
3.810615596747342693e+01
-6.112315733556361863e+01
3.750760613650625430e+01
-6.173771524877615491e+01
3.694168925767615264e+01
-6.239331693584644256e+01
3.640566480797241411e+01
-6.309487149573546816e+01
3.589724371406922643e+01
-6.384829707569840451e+01
3.541454240726595515e+01
-6.466078958163049606e+01
3.495605853860234191e+01
-6.554118675007521233e+01
3.452067162866803329e+01
-6.650047269407303929e+01
3.410767223499968281e+01
-6.755249275382469420e+01
3.371683199587725710e+01
-6.871498695966835157e+01
3.334853742443819158e+01
-7.001112129410896046e+01
3.300403028399107797e+01
-7.147183179760756389e+01
3.268584218018911258e+01
-7.313954142998430541e+01
3.239860003146579714e+01
-7.507431394582195594e+01
3.215060426922683945e+01
-7.736458633095608661e+01
3.195714983691985012e+01
-8.014713286264600356e+01
3.184823377954089807e+01
-8.364737334549593584e+01
3.188896523474185329e+01
-8.827005414798247784e+01
3.224477051313246534e+01
-9.483629638819361674e+01
3.346015892870794772e+01
-1.053595267181428881e+02
3.850076323663661526e+01
-1.267588574779416462e+02
1.149785277693350878e+02
-1.867980938749589370e+02
1.197004294282512262e+02
-5.945200912116014536e+01
9.204291862167249860e+01
-5.123665161537961410e+01
7.975720049468245065e+01
-4.958531690955579307e+01
7.242178622020573187e+01
-4.912351384058287351e+01
6.737986099464819745e+01
-4.906138772387264169e+01
6.361807547230054638e+01
-4.918096614748651518e+01
6.065657842525227039e+01
-4.940114577168245091e+01
5.823520883308422214e+01
-4.968601152357182826e+01
5.619913720159160420e+01
-5.001786521213608694e+01
5.444970835057454650e+01
-5.038746134843087532e+01
5.292068758536159834e+01
-5.078993067882689871e+01
5.156573166327857649e+01
-5.122289516856820057e+01
5.035131219820883075e+01
-5.168553065388644541e+01
4.925249429426455805e+01
-5.217808066019999558e+01
4.825030220979053297e+01
-5.270160314060281337e+01
4.733001332617649837e+01
-5.325784895283970144e+01
4.648001794171298684e+01
-5.384922285078982895e+01
4.569103726188664893e+01
-5.447880366722600343e+01
4.495557566550801454e+01
-5.515041473924478055e+01
4.426753116869495841e+01
-5.586874481414504601e+01
4.362191636225553992e+01
-5.663952736162804769e+01
4.301465971120875054e+01
-5.746979436116711781e+01
4.244246884336392611e+01
-5.836823149192798610e+01
4.190274613080174504e+01
-5.934567761131211938e+01
4.139355441077758258e+01
-6.041583679318436850e+01
4.091363934860943630e+01
-6.159631441306343902e+01
4.046252874000279576e+01
-6.291016322510979109e+01
4.004075074229239561e+01
-6.438826179867723454e+01
3.965026047370368190e+01
-6.607311105821639785e+01
3.929526409864308789e+01
-6.802516584046196613e+01
3.898387115597398633e+01
-7.033397764335271063e+01
3.873163996793889652e+01
-7.313915613999995458e+01
3.856997149098992850e+01
-7.667331433225054127e+01
3.856890788318726493e+01
-8.136061087731820862e+01
3.891267315696457985e+01
-8.808179106068675424e+01
4.024274144928585883e+01
-9.908180527778877433e+01
4.652083175139863158e+01
-1.226854735124917255e+02
1.581349495832243406e+02
-1.519341650691371512e+02
1.153495498394015897e+02
-5.131725445850977962e+01
9.288843271986385730e+01
-4.569856315751292186e+01
8.222103320843672236e+01
-4.454652949159413566e+01
7.565363062444058073e+01
-4.433054180161025215e+01
7.105658273418779913e+01
-4.445427385994166514e+01
6.758324365211970530e+01
-4.474395684819470631e+01
6.482265821967732222e+01
-4.513357977380577069e+01
6.254830732492944634e+01
-4.559416400378248113e+01
6.062378313493567106e+01
-4.611218574703117667e+01
5.896140535425958262e+01
-4.668160232098851736e+01
5.750192325412170646e+01
-4.730050873036048387e+01
5.620368755461073107e+01
-4.796962850428386815e+01
5.503648325342118852e+01
-4.869162993603825385e+01
5.397782936246491658e+01
-4.947086598755504383e+01
5.301066495914022170e+01
-5.031337167747419414e+01
5.212185611796370210e+01
-5.122705780188480418e+01
5.130121370560368632e+01
-5.222209778971117089e+01
5.054084773132095876e+01
-5.331154887385758911e+01
4.983476197744290914e+01
-5.451229932711942183e+01
4.917864423694019393e+01
-5.584650893905613600e+01
4.856985212666538132e+01
-5.734384059826941638e+01
4.800765105755574780e+01
-5.904502648191773773e+01
4.749386257839393011e+01
-6.100780722261369959e+01
4.703430766397269736e+01
-6.331735122866126630e+01
4.664201151500761000e+01
-6.610576973424832659e+01
4.634484734537676331e+01
-6.959186580496265151e+01
4.620619986089241138e+01
-7.417162500163763639e+01
4.639256108442918958e+01
-8.065885679176361123e+01
4.747333422991679441e+01
-9.109456810210812705e+01
5.279392947565078487e+01
-1.128163464355228740e+02
1.478532216451072259e+02
-1.564396658052215514e+02
1.222178366278334067e+02
-4.699948653223830775e+01
9.905704516324490783e+01
-4.109507223319748448e+01
8.827534989977847601e+01
-4.011251610542055346e+01
8.167971220058686299e+01
-4.013035925414291683e+01
7.707099689095571193e+01
-4.052267744833031315e+01
7.358845967234478280e+01
-4.111443002846844763e+01
7.081825982275859133e+01
-4.184369588569747833e+01
6.853384498003404701e+01
-4.268785608065942938e+01
6.659960839099157681e+01
-4.364172401830083459e+01
6.492898676223032339e+01
-4.470998606479710702e+01
6.346408951223308037e+01
-4.590467552320078681e+01
6.216493452042855949e+01
-4.724495735239428029e+01
6.100358788093137719e+01
-4.875845388719297091e+01
5.996076270253525564e+01
-5.048419500109001490e+01
5.902433698166375109e+01
-5.247801912000295488e+01
5.818924418168284518e+01
-5.482223091162232720e+01
5.745951464373758455e+01
-5.764374557132302357e+01
5.685461914185869148e+01
-6.115085577888875434e+01
5.642767475589403148e+01
-6.571607049420632052e+01
5.632493758861264155e+01
-7.209313687806832149e+01
5.704287866723709755e+01
-8.213007669394878008e+01
6.133492473454324312e+01
-1.022066265295681831e+02
1.336547778382131355e+02
-1.560226318475066023e+02
1.330524463093996133e+02
-4.218367848049224733e+01
1.082408565435177650e+02
-3.580712098170813817e+01
9.700906241697668975e+01
-3.527029751202812946e+01
9.020087811594569871e+01
-3.593669586578571540e+01
8.546418173883498071e+01
-3.714994285267773932e+01
8.190102753772026745e+01
-3.877184697841714467e+01
7.909016500372842984e+01
-4.080982334906599363e+01
7.681160843616046918e+01
-4.335227862562511802e+01
7.495088980133203904e+01
-4.657677912933122144e+01
7.347034068196077783e+01
-5.081119634213779079e+01
7.243342164774563230e+01
-5.670498470428597670e+01
7.217547751736981354e+01
-6.576693487586086917e+01
7.444765019697945263e+01
-8.270147335205098216e+01
1.060439683185747128e+02
-1.322811328121426584e+02
1.563511134375710299e+02
-3.556034858857374559e+01
1.249605155675957064e+02
-2.658275920354447663e+01
1.124729973031868155e+02
-2.891515315663037455e+01
1.070603709809840467e+02
-3.747854179152960086e+01
1.362063077439603944e+02
-6.349817070597761415e+01
1.337704908902369425e+02
-6.539428671079722477e+00
1.183578109605161615e+02
-2.611932672090501839e+00
1.102850689118232879e+02
-1.620952990926484372e+00
1.047954079748400886e+02
-1.181060347155785450e+00
1.006148177317628836e+02
-9.324459593500158405e-01
9.722840293756817687e+01
-7.720601253791685714e-01
9.437719870401514299e+01
-6.596745981713956208e-01
9.191223787147706048e+01
-5.763649059659120555e-01
8.973971337428861261e+01
-5.120419186381719445e-01
8.779660900360426012e+01
-4.608261478097662733e-01
8.603845972079805904e+01
-4.190488272837347150e-01
8.443269407367259305e+01
-3.843013513883452026e-01
8.295471387536863972e+01
-3.549342904666258347e-01
8.158547560427929568e+01
-3.297790795507814510e-01
8.030992758009504939e+01
-3.079840940660938386e-01
7.911596255618030682e+01
-2.889136791984335817e-01
7.799369380600080603e+01
-2.720835673683683620e-01
7.693494146479277163e+01
-2.571182200769240866e-01
7.593285968425342958e+01
-2.437218580918042443e-01
7.498166057634060166e+01
-2.316583055358082954e-01
7.407640621731673036e+01
-2.207366644362630526e-01
7.321284948189355646e+01
-2.108009390678867168e-01
7.238731054267728382e+01
-2.017223932551629462e-01
7.159657983985053420e+01
-1.933938348107531180e-01
7.083784098213172342e+01
-1.857252822380577595e-01
7.010860885279248578e+01
-1.786406382878163446e-01
6.940667945403629346e+01
-1.720751072744677312e-01
6.873008891254789887e+01
-1.659731688899022395e-01
6.807707970660244712e+01
-1.602869733232434313e-01
6.744607263839881739e+01
-1.549750588078925850e-01
6.683564341614194859e+01
-1.500013184028043955e-01
6.624450296410330452e+01
-1.453341612236428437e-01
6.567148076976084781e+01
-1.409458266939234150e-01
6.511551072214638225e+01
-1.368118201838793846e-01
6.457561900675354138e+01
-1.329104456687643376e-01
6.405091370839721776e+01
-1.292224164767836747e-01
6.354057584051060559e+01
-1.257305293060460016e-01
6.304385157209198098e+01
-1.224193898215638482e-01
6.256004546523573850e+01
-1.192751805492551498e-01
6.208851456942998226e+01
-1.162854636464128177e-01
6.162866324545736063e+01
-1.134390125803067806e-01
6.117993861323769522e+01
-1.107256678865392030e-01
6.074182653539459409e+01
-1.081362130794026044e-01
6.031384806255282172e+01
-1.056622675023376756e-01
5.989555627803594717e+01
-1.032961934788848013e-01
5.948653348924075601e+01
-1.010310155845543512e-01
5.908638872091407990e+01
-9.886035023175895886e-02
5.869475547216747202e+01
-9.677834406182850291e-02
5.831128970458055960e+01
-9.477961988441882535e-02
5.793566803336671001e+01
-9.285922910650801221e-02
5.756758609746525224e+01
-9.101260975935668296e-02
5.720675708770738765e+01
-8.923554936917174607e-02
5.685291041498715003e+01
-8.752415203122192178e-02
5.650579050273422865e+01
-8.587480914211602367e-02
5.616515569000443975e+01
-8.428417332436538567e-02
5.583077723323085451e+01
-8.274913514397583270e-02
5.550243839616011599e+01
-8.126680227790397670e-02
5.517993361877582004e+01
-7.983448083559399611e-02
5.486306775711059913e+01
-7.844965857894514727e-02
5.455165538680263637e+01
-7.710998981917849271e-02
5.424552015560328755e+01
-7.581328143621518523e-02
5.394449423141266209e+01
-7.455748208395651666e-02
5.364841770690434686e+01
-7.334066869883282269e-02
5.335713813997162447e+01
-7.216103805921231240e-02
5.307051008425648320e+01
-7.101689719304821180e-02
5.278839466470803643e+01
-6.990665505093016097e-02
5.251065918495748264e+01
-6.882881492386529187e-02
5.223717676368443108e+01
-6.778196752915294221e-02
5.196782599743919207e+01
-6.676478469660465653e-02
5.170249064764011848e+01
-6.577601359510520940e-02
5.144105934969172012e+01
-6.481447144626992229e-02
5.118342534237019237e+01
-6.387904067787328333e-02
5.092948621580228519e+01
-6.296866447490641339e-02
5.067914367652176111e+01
-6.208234269067855471e-02
5.043230332823146966e+01
-6.121912808438631504e-02
5.018887446702450461e+01
-6.037812285510610333e-02
4.994876988993321731e+01
-5.955847544528915238e-02
4.971190571577655248e+01
-5.875937758959615814e-02
4.947820121736726406e+01
-5.798006158735562882e-02
4.924757866422424968e+01
-5.721979777910135567e-02
4.901996317500817923e+01
-5.647789220957245837e-02
4.879528257896707544e+01
-5.575368446127914462e-02
4.857346728573772054e+01
-5.504654564426747498e-02
4.835445016290425713e+01
-5.435587652908391298e-02
4.813816642076460539e+01
-5.368110581116449648e-02
4.792455350380025436e+01
-5.302168849596543276e-02
4.771355098838598252e+01
-5.237710439513726390e-02
4.750510048631262805e+01
-5.174685672492219946e-02
4.729914555373008511e+01
-5.113047079874841194e-02
4.709563160514846203e+01
-5.052749280670802701e-02
4.689450583216276414e+01
-4.993748867524576418e-02
4.669571712659272578e+01
-4.936004300096841213e-02
4.649921600775215325e+01
-4.879475805300502456e-02
4.630495455358379786e+01
-4.824125283882400861e-02
4.611288633541511217e+01
-4.769916222884032497e-02
4.592296635610816224e+01
-4.716813613553456908e-02
4.573515099139365248e+01
-4.664783874315914930e-02
4.554939793419362104e+01
-4.613794778442547456e-02
4.536566614175150391e+01
-4.563815386085796899e-02
4.518391578540122566e+01
-4.514815980376543636e-02
4.500410820281764757e+01
-4.466768007302054921e-02
4.482620585260328028e+01
-4.419644019106009486e-02
4.465017227107426834e+01
-4.373417620971756237e-02
4.447597203111905628e+01
-4.328063420768392400e-02
4.430357070301124622e+01
-4.283556981656015672e-02
4.413293481706571697e+01
-4.239874777361796188e-02
4.396403182803501863e+01
-4.196994149952669451e-02
4.379683008114911758e+01
-4.154893269943231437e-02
4.363129877970784065e+01
-4.113551098589306176e-02
4.346740795414197578e+01
-4.072947352228510620e-02
4.330512843246277299e+01
-4.033062468539058004e-02
4.314443181202632616e+01
-3.993877574597327895e-02
4.298529043254252713e+01
-3.955374456623073076e-02
4.282767735026330058e+01
-3.917535531308957708e-02
4.267156631328870731e+01
-3.880343818638327946e-02
4.251693173793289304e+01
-3.843782916101629032e-02
4.236374868609595978e+01
-3.807836974228134136e-02
4.221199284359028070e+01
-3.772490673355179125e-02
4.206164049937353866e+01
-3.737729201562362685e-02
4.191266852564277201e+01
-3.703538233702961813e-02
4.176505435874733507e+01
-3.669903911469359070e-02
4.161877598088015162e+01
-3.636812824433335867e-02
4.147381190250941074e+01
-3.604251992005928773e-02
4.133014114551528451e+01
-3.572208846265191584e-02
4.118774322699715640e+01
-3.540671215603342914e-02
