2.496387873553581687e-09
2.625329092575527288e-27
2.605895985976410684e-09
-1.211690350419474133e-27
2.720861217170822799e-09
-1.009741958682895111e-28
2.841590085448709265e-09
1.211690350419474133e-27
2.968408377101341078e-09
4.038967834731580444e-28
3.101662493153282337e-09
-1.413638742156053155e-27
3.241720900166230761e-09
-1.716561329760921689e-27
3.388975693930237473e-09
2.524354896707237777e-27
3.543844285701340383e-09
1.009741958682895111e-28
3.706771221548844481e-09
5.048709793414475555e-28
3.878230146371595200e-09
-5.048709793414475555e-28
4.058725925242067011e-09
1.918509721497500711e-27
4.248796935949087746e-09
2.019483917365790222e-28
4.449017547949780380e-09
3.635071051258422399e-27
4.660000804421499043e-09
8.077935669463160887e-28
4.882401325741394148e-09
1.817535525629211200e-27
5.116918454534461914e-09
2.423380700838948266e-27
5.364299664438018694e-09
6.260400143833949688e-27
5.625344256957396740e-09
2.423380700838948266e-27
5.900907373258320800e-09
-4.644813009941317510e-27
6.191904350484361637e-09
2.019483917365790222e-28
6.499315455239192890e-09
8.077935669463160887e-28
6.824191030265143257e-09
-1.211690350419474133e-27
7.167657094129198043e-09
-4.644813009941317510e-27
7.530921437938582046e-09
-1.413638742156053155e-27
7.915280267805856020e-09
2.019483917365790222e-27
8.322125447030378052e-09
-9.693522803355793065e-27
8.752952397825815722e-09
6.058451752097370666e-27
9.209368728984625399e-09
4.846761401677896532e-27
9.693103663216682193e-09
-6.058451752097370666e-27
1.020601834613629289e-08
-3.635071051258422399e-27
1.075011712811552781e-08
2.827277484312106311e-27
1.132755992060476557e-08
2.019483917365790222e-27
1.194067574020158827e-08
1.615587133892632177e-27
1.259197756689577594e-08
-8.885729236409476976e-27
1.328417865773963939e-08
-2.261821987449685048e-26
1.402021047391665444e-08
-7.674038885990002843e-27
1.480324239807433490e-08
7.270142102516844799e-27
1.563670344016051978e-08
-8.885729236409476976e-27
1.652430615420348744e-08
-4.038967834731580444e-27
1.747007301592395508e-08
9.693522803355793065e-27
1.847836554222496710e-08
-1.615587133892632177e-26
1.955391646903343079e-08
-4.038967834731580444e-27
2.070186534429463582e-08
-3.877409121342317226e-26
2.192779793889271518e-08
1.534807777198000569e-26
2.323778993075222952e-08
1.938704560671158613e-26
2.463845537736885617e-08
8.077935669463160887e-27
2.613700056070434287e-08
4.038967834731580444e-27
2.774128386713933321e-08
8.077935669463160887e-27
2.945988245561368456e-08
2.746498127617474702e-26
3.130216657111378245e-08
4.846761401677896532e-27
3.327838248050185719e-08
-1.777145847281895395e-26
3.539974514597618984e-08
1.454028420503368960e-26
3.767854191130921399e-08
6.462348535570528710e-27
4.012824866111159765e-08
6.462348535570528710e-27
4.276366012810746899e-08
6.462348535570528710e-27
4.560103627295521323e-08
9.693522803355793065e-27
4.865826695172849273e-08
-1.292469707114105742e-26
5.195505742517669724e-08
5.169878828456422968e-26
5.551313766016634476e-08
0.000000000000000000e+00
5.935649883792904261e-08
-3.231174267785264355e-27
6.351166102866026737e-08
1.615587133892632177e-26
6.800797663310106660e-08
3.231174267785264355e-26
7.287797494762526732e-08
1.615587133892632177e-26
7.815775410267048991e-08
-5.492996255234949403e-26
8.388744048182807128e-08
9.693522803355793065e-27
9.011165055695254581e-08
-6.462348535570528710e-26
9.688014218721708860e-08
-6.462348535570528710e-26
1.042484398217677006e-07
-7.754818242684634452e-26
1.122786122668967774e-07
-1.550963648536926890e-25
1.210401558656972491e-07
-6.462348535570528710e-26
1.306110130152994250e-07
1.292469707114105742e-25
1.410787493934386033e-07
1.227846221758400455e-25
1.525419177837443994e-07
4.523643974899370097e-26
1.651116418782638175e-07
1.163222736402695168e-25
1.789134601275541189e-07
-3.877409121342317226e-26
1.940894778948781541e-07
-5.169878828456422968e-26
2.108008862214076555e-07
-2.584939414228211484e-25
2.292309178944538351e-07
-1.809457589959748039e-25
2.495883268322242861e-07
3.231174267785264355e-25
2.721114958293816172e-07
-2.067951531382569187e-25
2.970733014451230228e-07
-7.754818242684634452e-26
3.247868945538969145e-07
7.754818242684634452e-26
3.556125925058496362e-07
1.809457589959748039e-25
3.899661261729500656e-07
4.652890945610780671e-25
4.283285453069469928e-07
-1.809457589959748039e-25
4.712581624803532867e-07
8.271806125530276749e-25
5.194050145947262200e-07
3.618915179919496078e-25
5.735284484750664317e-07
-9.822769774067203639e-25
6.345186028374785788e-07
0.000000000000000000e+00
7.034227757540594771e-07
2.584939414228211484e-25
7.814779522787290186e-07
-3.618915179919496078e-25
8.701511455700684903e-07
-4.135903062765138374e-25
9.711897107829318861e-07
-5.169878828456422968e-25
1.086684472319485697e-06
1.137373342260413053e-24
1.219149430227617928e-06
-9.305781891221561342e-25
1.371623079103510915e-06
3.101927297073853781e-25
1.547798125964574972e-06
-2.067951531382569187e-25
1.752188842725459053e-06
2.067951531382569187e-25
1.990348747504119427e-06
0.000000000000000000e+00
2.269156249652517995e-06
-6.203854594147707562e-25
2.597193039136065828e-06
-3.308722450212110699e-24
2.985250474484261176e-06
2.895132143935596862e-24
3.447014797441862345e-06
1.240770918829541512e-24
4.000005524448151532e-06
1.240770918829541512e-24
4.666877499217185135e-06
-2.481541837659083025e-24
5.477253636716088438e-06
9.098986738083304424e-24
6.470345691073931953e-06
3.308722450212110699e-24
7.698767847253534566e-06
-4.135903062765138374e-24
9.234194781424188227e-06
-8.271806125530276749e-24
1.117594054188558778e-05
1.654361225106055350e-24
1.366428814782802984e-05
-3.308722450212110699e-24
1.690178392012219532e-05
1.985233470127266420e-23
2.118835484176357845e-05
4.632211430296954979e-23
2.698139148975311612e-05
0.000000000000000000e+00
3.500306258251857086e-05
4.632211430296954979e-23
4.644201014265602272e-05
1.191140082076359852e-22
6.335810607953432918e-05
-5.293955920339377119e-23
8.954803593428307311e-05
7.940933880509065679e-23
1.326105395499122550e-04
-5.293955920339377119e-22
2.094671574137942853e-04
-1.058791184067875424e-22
3.638507239906459525e-04
-1.164670302474662966e-21
7.367624910629690061e-04
-4.235164736271501695e-22
1.985597876154570739e-03
6.776263578034402713e-21
1.084513428011314728e-02
-5.421010862427522170e-20
6.093448062419255518e-01
-1.214306433183764966e-17
9.194935389141996041e-01
-1.214306433183764966e-17
9.465138252972984390e-01
-1.734723475976807094e-17
9.603403091064710573e-01
-1.040834085586084257e-17
9.984932607824523743e-01
-5.898059818321144121e-17
2.543581197952865303e+00
1.214306433183764966e-17
2.822254734747268401e+00
6.245004513516505540e-17
2.866015517217239683e+00
6.938893903907228378e-18
2.886421392017409104e+00
-8.326672684688674053e-17
2.899071332241533128e+00
1.387778780781445676e-17
2.907993508804860738e+00
-1.387778780781445676e-17
2.914769431486084805e+00
-8.326672684688674053e-17
2.920173994457680777e+00
5.551115123125782702e-17
2.924648156310848179e+00
-2.775557561562891351e-17
2.928483234785874245e+00
-9.714451465470119729e-17
2.931930275103508787e+00
-1.249000902703301108e-16
2.935373034054410191e+00
8.326672684688674053e-17
2.940157419284174622e+00
-4.163336342344337027e-17
2.959247766849923522e+00
-8.326672684688674053e-17
4.124192711534096389e+00
-4.163336342344337027e-17
4.777158495485099188e+00
2.775557561562891351e-16
4.832287261432822945e+00
1.804112415015879378e-16
4.855204248845225834e+00
0.000000000000000000e+00
4.868880236065884937e+00
3.608224830031758756e-16
4.878395388831480162e+00
-1.387778780781445676e-16
4.885598103128193870e+00
-2.775557561562891351e-17
4.891347060887494713e+00
-4.440892098500626162e-16
4.896104839303267120e+00
1.942890293094023946e-16
4.900146912146715827e+00
-2.775557561562891351e-17
4.903649747608987752e+00
-2.775557561562891351e-17
4.906732898751628547e+00
2.775557561562891351e-16
4.909481118138988798e+00
8.326672684688674053e-17
4.911956944509780598e+00
-8.326672684688674053e-17
4.914208416842223315e+00
8.326672684688674053e-17
4.916274332421277649e+00
-1.110223024625156540e-16
4.918188711009385372e+00
0.000000000000000000e+00
4.919986280588439342e+00
-6.938893903907228378e-17
4.921713256833811556e+00
1.387778780781445676e-17
4.923458059530430475e+00
-1.249000902703301108e-16
4.925470412839356271e+00
4.163336342344337027e-17
4.928842443239584092e+00
1.387778780781445676e-16
4.943669633812507236e+00
0.000000000000000000e+00
5.847825537304164989e+00
1.110223024625156540e-16
6.752771798979585682e+00
2.775557561562891351e-17
6.813971383222487077e+00
1.526556658859590243e-16
6.837956889469866795e+00
-1.110223024625156540e-16
6.851898483263259010e+00
-1.665334536937734811e-16
6.861443678488009290e+00
2.220446049250313081e-16
6.868591783213652491e+00
-2.775557561562891351e-17
6.874255486968669615e+00
3.330669073875469621e-16
6.878919833905945858e+00
5.551115123125782702e-17
6.882870282318995336e+00
-1.387778780781445676e-17
6.886287655077531156e+00
-6.938893903907228378e-17
6.889293060987147221e+00
1.387778780781445676e-16
6.891971248281135942e+00
-1.110223024625156540e-16
6.894383661484980941e+00
-2.775557561562891351e-17
6.896576177887462578e+00
1.804112415015879378e-16
6.898583915886137952e+00
-2.775557561562891351e-17
6.900434347163068693e+00
-9.714451465470119729e-17
6.902149385308971929e+00
1.387778780781445676e-16
6.903746837979070961e+00
8.326672684688674053e-17
6.905241458584464809e+00
6.938893903907228378e-17
6.906645754001011994e+00
1.387778780781445676e-16
6.907970671298395260e+00
2.775557561562891351e-17
6.909226293789717310e+00
0.000000000000000000e+00
6.910422751840561872e+00
9.020562075079396891e-17
6.911571788386043025e+00
-2.081668171172168513e-17
6.912690130007956846e+00
-4.857225732735059864e-17
6.913808200517125968e+00
-2.775557561562891351e-17
6.914997147458411320e+00
-2.775557561562891351e-17
6.916474628781710265e+00
-3.469446951953614189e-18
6.919197381298154426e+00
-3.469446951953614189e-17
6.931540827705756413e+00
-1.509209424099822172e-16
7.621367579679684923e+00
-5.707240235963695341e-16
8.730380314043737044e+00
1.734723475976807094e-18
8.797808187040537575e+00
1.387778780781445676e-16
8.823118303152320152e+00
-1.526556658859590243e-16
8.837551684387012330e+00
-1.179611963664228824e-16
8.847308473531061424e+00
-1.700029006457270953e-16
8.854543762622183678e+00
2.046973701652632371e-16
8.860231047481260447e+00
-6.245004513516505540e-17
8.864883879398522737e+00
1.700029006457270953e-16
8.868802714765394057e+00
-1.561251128379126385e-17
8.872176897794137318e+00
-5.030698080332740574e-17
8.875132638111280059e+00
-3.989863994746656317e-17
8.877757843331162135e+00
-5.345116710353536860e-17
8.880115951621093018e+00
3.903127820947815962e-17
8.882254099667953540e+00
7.632783294297951215e-17
8.884208181594694054e+00
1.387778780781445676e-17
8.886006107144345023e+00
-5.204170427930421283e-17
8.887669974714334842e+00
-3.122502256758252770e-17
8.889217560678687846e+00
0.000000000000000000e+00
8.890663367211958601e+00
2.775557561562891351e-17
8.892019376935067498e+00
2.775557561562891351e-17
8.893295608082034676e+00
-2.775557561562891351e-17
8.894500531700373358e+00
6.938893903907228378e-18
8.895641392364234790e+00
-1.526556658859590243e-16
8.896724464105314922e+00
2.775557561562891351e-17
8.897755265630262755e+00
-1.387778780781445676e-16
8.898738753437763549e+00
-1.526556658859590243e-16
8.899679526934747287e+00
-9.714451465470119729e-17
8.900582082654551641e+00
-1.249000902703301108e-16
8.901451202368320992e+00
2.775557561562891351e-17
8.902292659513316053e+00
-2.914335439641035919e-16
8.903114709192587739e+00
2.775557561562891351e-17
8.903931622604476459e+00
-1.942890293094023946e-16
8.904773363641378836e+00
-8.326672684688674053e-17
8.905716884238458420e+00
-5.551115123125782702e-17
8.907015033306537433e+00
8.326672684688674053e-17
8.909879914958844793e+00
-1.110223024625156540e-16
8.927133162942070044e+00
3.885780586188047891e-16
1.010994085748382432e+01
-8.881784197001252323e-16
1.072973408845663990e+01
-3.330669073875469621e-16
1.078646723714422251e+01
-2.498001805406602216e-16
1.081008046436659598e+01
2.775557561562891351e-16
1.082399896988757604e+01
1.665334536937734811e-16
1.083354198659659318e+01
-1.665334536937734811e-16
1.084066518739853180e+01
-2.775557561562891351e-17
1.084628009839759066e+01
-1.942890293094023946e-16
1.085087728117021655e+01
-2.220446049250313081e-16
1.085474770922340326e+01
3.053113317719180486e-16
1.085807657190282782e+01
8.326672684688674053e-17
1.086098821036133089e+01
5.551115123125782702e-17
1.086356970775211472e+01
1.387778780781445676e-16
1.086588416175839100e+01
5.551115123125782702e-17
1.086797860121603065e+01
-5.551115123125782702e-17
1.086988891512437228e+01
-2.498001805406602216e-16
1.087164304834503881e+01
8.326672684688674053e-17
1.087326314629899571e+01
-2.775557561562891351e-17
1.087476702566248576e+01
5.551115123125782702e-17
1.087616921656650604e+01
-1.665334536937734811e-16
1.087748170788249880e+01
1.942890293094023946e-16
1.087871449811939328e+01
-1.110223024625156540e-16
1.087987601237805180e+01
2.775557561562891351e-17
1.088097340990361772e+01
-1.942890293094023946e-16
1.088201282391270652e+01
-1.665334536937734811e-16
1.088299955191119039e+01
-3.608224830031758756e-16
1.088393820464235517e+01
-2.775557561562891351e-17
1.088483283482236175e+01
3.608224830031758756e-16
1.088568702362117691e+01
-4.718447854656915297e-16
1.088650398750318971e+01
-5.551115123125782702e-17
1.088728665298076059e+01
5.551115123125782702e-17
1.088803774905531796e+01
2.220446049250313081e-16
1.088875991906457941e+01
-5.273559366969493567e-16
1.088945588291909417e+01
8.326672684688674053e-17
1.089012871257659398e+01
3.885780586188047891e-16
1.089078236095877372e+01
2.775557561562891351e-16
1.089142279311784023e+01
1.665334536937734811e-16
1.089206067959522883e+01
-2.220446049250313081e-16
1.089271865337141421e+01
-3.330669073875469621e-16
1.089345423131543100e+01
1.110223024625156540e-16
1.089445039523405612e+01
-1.665334536937734811e-16
1.089652550432529665e+01
3.330669073875469621e-16
1.090685188479642065e+01
4.440892098500626162e-16
1.149080138393934547e+01
-8.326672684688674053e-16
1.267938399624603996e+01
-8.326672684688674053e-16
1.275546897291361326e+01
8.326672684688674053e-17
1.278401468124067186e+01
0.000000000000000000e+00
1.280020758337576936e+01
-5.551115123125782702e-17
1.281106882223834376e+01
-6.661338147750939243e-16
1.281905142124510277e+01
-1.942890293094023946e-16
1.282526712152492010e+01
-1.387778780781445676e-16
1.283030354723585376e+01
-2.775557561562891351e-16
1.283450482686494354e+01
-2.220446049250313081e-16
1.283808787668345985e+01
-3.053113317719180486e-16
1.284119723171405170e+01
2.498001805406602216e-16
1.284393347528067686e+01
2.220446049250313081e-16
1.284636909601059784e+01
-1.110223024625156540e-16
1.284855786069564765e+01
1.387778780781445676e-16
1.285054062282310738e+01
5.273559366969493567e-16
1.285234906667809085e+01
-1.110223024625156540e-16
1.285400820238239206e+01
0.000000000000000000e+00
1.285553807666500248e+01
-8.326672684688674053e-16
1.285695497525479070e+01
4.440892098500626162e-16
1.285827228647309006e+01
2.775557561562891351e-16
1.285950113348031465e+01
-1.110223024625156540e-16
1.286065084511686862e+01
-1.110223024625156540e-16
1.286172931196072611e+01
-3.330669073875469621e-16
1.286274325935355378e+01
-1.110223024625156540e-16
1.286369845944636126e+01
2.775557561562891351e-16
1.286459989785984881e+01
0.000000000000000000e+00
1.286545190618587498e+01
2.775557561562891351e-16
1.286625826856339216e+01
-5.551115123125782702e-16
1.286702230850469064e+01
-2.220446049250313081e-16
1.286774696075455537e+01
2.775557561562891351e-16
1.286843483208712335e+01
0.000000000000000000e+00
1.286908825453135563e+01
6.106226635438360972e-16
1.286970933463534372e+01
-4.440892098500626162e-16
1.287030000328969948e+01
3.885780586188047891e-16
1.287086207297230267e+01
1.110223024625156540e-16
1.287139731456296765e+01
0.000000000000000000e+00
1.287190757776640027e+01
-5.551115123125782702e-17
1.287239500704633066e+01
-1.665334536937734811e-16
1.287286247465317857e+01
1.665334536937734811e-16
1.287331454192123736e+01
0.000000000000000000e+00
1.287375983388303169e+01
1.665334536937734811e-16
1.287421770331874171e+01
2.775557561562891351e-16
1.287474034479872564e+01
4.996003610813204432e-16
1.287550611160001779e+01
-2.220446049250313081e-16
1.287740021512173882e+01
-3.330669073875469621e-16
1.289003531417549375e+01
3.330669073875469621e-16
1.391163366918978106e+01
-9.436895709313830594e-16
1.463938627567414485e+01
-5.551115123125782702e-17
1.471107661123602739e+01
2.220446049250313081e-16
1.474137481641489344e+01
1.387778780781445676e-16
1.475920806003943753e+01
-1.137978600240785454e-15
1.477133209913060341e+01
1.942890293094023946e-16
1.478027127954961983e+01
-5.551115123125782702e-17
1.478721384798784655e+01
-6.106226635438360972e-16
1.479280327302881126e+01
8.049116928532384918e-16
1.479742268249245640e+01
-1.110223024625156540e-16
1.480131641254219943e+01
3.330669073875469621e-16
1.480464861116508857e+01
-2.498001805406602216e-16
1.480753413941620877e+01
5.551115123125782702e-17
1.481005603452233110e+01
-1.110223024625156540e-16
1.481227593990415770e+01
-5.551115123125782702e-17
1.481424062241613804e+01
4.718447854656915297e-16
1.481598620033724778e+01
-4.163336342344337027e-16
1.481754097406317605e+01
-8.326672684688674053e-17
1.481892737242928604e+01
-8.326672684688674053e-17
1.482016332131678915e+01
3.608224830031758756e-16
1.482126322407848384e+01
1.110223024625156540e-16
1.482223867432103148e+01
5.551115123125782702e-16
1.482309897956901068e+01
5.551115123125782702e-17
1.482385154797247395e+01
1.665334536937734811e-16
1.482450217318760721e+01
-3.608224830031758756e-16
1.482505524122145246e+01
-3.330669073875469621e-16
1.482551387521272446e+01
1.387778780781445676e-16
1.482588002847835540e+01
-3.885780586188047891e-16
1.482615453180903131e+01
4.440892098500626162e-16
1.482633709732504101e+01
-1.110223024625156540e-16
1.482642627770231769e+01
-3.330669073875469621e-16
1.482641937575593261e+01
-4.718447854656915297e-16
1.482631229463575906e+01
-3.330669073875469621e-16
1.482609931241539591e+01
0.000000000000000000e+00
1.482577275532311489e+01
-2.775557561562891351e-17
1.482532252903443037e+01
-1.665334536937734811e-16
1.482473544136213306e+01
1.110223024625156540e-16
1.482399422486251339e+01
3.330669073875469621e-16
1.482307603457260115e+01
-2.220446049250313081e-16
1.482195019199340891e+01
-6.938893903907228378e-17
1.482057448255905641e+01
-5.551115123125782702e-17
1.481888895724987343e+01
-1.110223024625156540e-16
1.481680467255506528e+01
6.938893903907228378e-17
1.481418161735526340e+01
8.326672684688674053e-17
1.481078009975207266e+01
2.775557561562891351e-17
1.480613538521049932e+01
4.163336342344337027e-17
1.479914710080025841e+01
-6.938893903907228378e-18
1.478605606283754881e+01
3.469446951953614189e-17
1.473499789923488024e+01
4.250072516143177381e-17
1.388496174066921540e+01
-4.336808689942017736e-17
1.381689740490266161e+01
8.326672684688674053e-17
1.380171814894709215e+01
-1.457167719820517959e-16
1.377464355880983504e+01
-2.983724378680108202e-16
1.360473580186751619e+01
1.804112415015879378e-16
1.192335103494236037e+01
1.110223024625156540e-16
1.186779500133014231e+01
-5.828670879282071837e-16
1.186159376506496343e+01
-1.110223024625156540e-16
1.185907661963161530e+01
2.081668171172168513e-16
1.185720724567070050e+01
-5.551115123125782702e-17
1.185536098857837217e+01
1.804112415015879378e-16
1.185328949799125553e+01
2.914335439641035919e-16
1.185080390363603442e+01
-1.387778780781445676e-16
1.184766765525891330e+01
1.665334536937734811e-16
1.184348944965061001e+01
2.775557561562891351e-16
1.183748658954051436e+01
-3.608224830031758756e-16
1.182771256924229775e+01
-2.498001805406602216e-16
1.180720076331875390e+01
-2.775557561562891351e-17
1.171549065292269276e+01
2.775557561562891351e-16
1.002505999372047540e+01
-5.273559366969493567e-16
9.894456261915724582e+00
-1.387778780781445676e-16
9.886260819975852598e+00
-2.498001805406602216e-16
9.883865312750408805e+00
3.885780586188047891e-16
9.882533608968021355e+00
3.885780586188047891e-16
9.881478509450577263e+00
-5.551115123125782702e-17
9.880478638420296278e+00
-8.326672684688674053e-17
9.879447016580138907e+00
-5.551115123125782702e-16
9.878337685973466620e+00
1.665334536937734811e-16
9.877118147427111694e+00
-8.326672684688674053e-17
9.875758912863339845e+00
8.326672684688674053e-17
9.874228191687649314e+00
0.000000000000000000e+00
9.872487914782652751e+00
2.775557561562891351e-17
9.870489371470990037e+00
-2.220446049250313081e-16
9.868167035028594825e+00
3.330669073875469621e-16
9.865428515723669634e+00
-1.942890293094023946e-16
9.862136517108584854e+00
-2.220446049250313081e-16
9.858073126558689836e+00
0.000000000000000000e+00
9.852860531304182601e+00
-3.885780586188047891e-16
9.845755159545870328e+00
4.302114220422481594e-16
9.834974346979205251e+00
1.249000902703301108e-16
9.814455380382025140e+00
-8.326672684688674053e-17
9.737299076524331909e+00
1.249000902703301108e-16
8.084687395160923273e+00
-2.775557561562891351e-17
7.885460599133971016e+00
6.938893903907228378e-17
7.869049616038451767e+00
-4.163336342344337027e-16
7.856303445162517107e+00
-6.522560269672794675e-16
7.837620179024712641e+00
9.714451465470119729e-17
7.797314541531406462e+00
-8.326672684688674053e-17
7.543890156490431487e+00
2.775557561562891351e-17
5.985248468265796262e+00
2.775557561562891351e-17
5.949711548450485665e+00
-5.551115123125782702e-17
5.945841096344273602e+00
-1.110223024625156540e-16
5.944595237744441540e+00
-2.498001805406602216e-16
5.943913799300205802e+00
0.000000000000000000e+00
5.943399586669746881e+00
-2.775557561562891351e-17
5.942933494534921479e+00
2.775557561562891351e-17
5.942467586090963039e+00
-4.996003610813204432e-16
5.941976800501569400e+00
1.665334536937734811e-16
5.941444056187796363e+00
2.498001805406602216e-16
5.940854511449837005e+00
1.110223024625156540e-16
5.940192640817087977e+00
-1.665334536937734811e-16
5.939440191406978542e+00
-8.326672684688674053e-17
5.938573995266665406e+00
-9.714451465470119729e-17
5.937563097821263014e+00
-9.714451465470119729e-17
5.936364195480788197e+00
-1.942890293094023946e-16
5.934913890598498831e+00
5.551115123125782702e-17
5.933114291734406187e+00
-5.551115123125782702e-17
5.930803876571886235e+00
2.775557561562891351e-17
5.927691612632848717e+00
1.249000902703301108e-16
5.923183471591860538e+00
2.775557561562891351e-17
5.915811303732400717e+00
-1.387778780781445676e-17
5.900500864384943256e+00
1.110223024625156540e-16
5.839323672510861485e+00
-1.110223024625156540e-16
4.248065152990797344e+00
8.326672684688674053e-17
3.976252708110170175e+00
-2.567390744445674500e-16
3.965240815835208821e+00
3.469446951953614189e-17
3.962638006730482054e+00
-7.632783294297951215e-17
3.961504412881847514e+00
-5.551115123125782702e-17
3.960791404353202427e+00
-1.387778780781445676e-17
3.960219733636327177e+00
2.081668171172168513e-17
3.959686691769610523e+00
4.857225732735059864e-17
3.959143380098313791e+00
3.469446951953614189e-17
3.958559621048006072e+00
-4.857225732735059864e-17
3.957911091412994686e+00
-4.510281037539698445e-17
3.957173237153392087e+00
-3.469446951953614189e-17
3.956317006698528704e+00
7.112366251504909087e-17
3.955304352382400523e+00
3.989863994746656317e-17
3.954081787440795637e+00
-9.540979117872439019e-18
3.952569324490771585e+00
6.982261990806648555e-17
3.950639285164357251e+00
3.187554387107383036e-17
3.948070952569157299e+00
1.778091562876227272e-17
3.944439470365452394e+00
-7.806255641895631925e-18
3.938787207034334159e+00
-9.454242944073598665e-17
3.928318111329271112e+00
5.724587470723463412e-17
3.899374616622552914e+00
1.214306433183764966e-16
3.504482115510238138e+00
5.551115123125782702e-17
2.019445689369755215e+00
6.938893903907228378e-17
1.989549824855386673e+00
6.938893903907228378e-17
1.984998848374979641e+00
6.938893903907228378e-18
1.983356355936073623e+00
-4.163336342344337027e-17
1.982420392197731029e+00
-4.163336342344337027e-17
1.981689568252775091e+00
-6.938893903907228378e-17
1.980983168833423402e+00
-1.387778780781445676e-17
1.980199749720642055e+00
6.938893903907228378e-18
1.979246500081096150e+00
-2.775557561562891351e-17
1.977997126540862016e+00
1.387778780781445676e-17
1.976230015145216345e+00
2.081668171172168513e-17
1.973471133847697345e+00
-1.387778780781445676e-17
1.968434654389599192e+00
-4.163336342344337027e-17
1.955932202566274647e+00
6.245004513516505540e-17
1.881487578366603408e+00
4.163336342344337027e-17
1.528257670936817303e-01
-4.336808689942017736e-19
1.458304954942871330e-02
6.776263578034402713e-21
5.101844582374115422e-03
-1.355252715606880543e-20
2.658213573245219504e-03
1.185846126156020475e-20
1.684079883590520414e-03
-4.235164736271501695e-21
1.200008731799398660e-03
1.270549420881450509e-21
9.255771037323958471e-04
1.482307657695025593e-21
7.562307045969826353e-04
7.093900933254765340e-21
6.458512557897834721e-04
-1.387016451128916805e-20
5.716052253904356853e-04
6.575093253061506382e-20
5.212352385199959560e-04
-7.093900933254765340e-21
4.878088952424500528e-04
1.556423040579776873e-20
4.673304903102810503e-04
1.340429639029930287e-19
4.575868184985202149e-04
-4.629458573218378503e-18
4.575868184979253132e-04
-6.340041610198438038e-19
4.673304903102810503e-04
-1.340429639029930287e-19
4.878088952424500528e-04
-1.556423040579776873e-20
5.212352385199959560e-04
7.093900933254765340e-21
5.716052253904354685e-04
-2.879912020664621153e-20
6.458512557897973499e-04
3.070494433796838729e-21
7.562307045969826353e-04
-7.093900933254765340e-21
9.255771037323958471e-04
-1.482307657695025593e-21
1.200008731799387385e-03
-6.352747104407252543e-22
1.684079883590482250e-03
3.388131789017201356e-21
2.658213573245170498e-03
8.470329472543003391e-21
5.101844582374115422e-03
1.355252715606880543e-20
1.458304954942871330e-02
-6.776263578034402713e-21
1.528257670936267743e-01
0.000000000000000000e+00
1.881487578366588309e+00
0.000000000000000000e+00
1.955932202566274647e+00
-6.938893903907228378e-18
1.968434654389599192e+00
4.163336342344337027e-17
1.973471133847697345e+00
1.387778780781445676e-17
1.976230015145215901e+00
4.857225732735059864e-17
1.977997126540862238e+00
0.000000000000000000e+00
1.979246500081096372e+00
-7.632783294297951215e-17
1.980199749720642055e+00
-6.938893903907228378e-18
1.980983168833423402e+00
1.387778780781445676e-17
1.981689568252775757e+00
-6.245004513516505540e-17
1.982420392197730141e+00
1.387778780781445676e-17
1.983356355936073623e+00
6.938893903907228378e-18
1.984998848374979641e+00
-6.938893903907228378e-18
1.989549824855386673e+00
-6.938893903907228378e-17
2.019445689369750330e+00
1.179611963664228824e-16
3.504482115510126228e+00
0.000000000000000000e+00
3.899374616622557799e+00
1.040834085586084257e-17
3.928318111329271112e+00
-5.724587470723463412e-17
3.938787207034334159e+00
9.454242944073598665e-17
3.944439470365453726e+00
-2.493664996716660198e-17
3.948070952569158631e+00
-2.602085213965210642e-18
3.950639285164357251e+00
-3.187554387107383036e-17
3.952569324490771585e+00
-6.982261990806648555e-17
3.954081787440795637e+00
9.540979117872439019e-18
3.955304352382401412e+00
-3.295974604355933479e-17
3.956317006698528260e+00
-6.071532165918824830e-17
3.957173237153392087e+00
3.469446951953614189e-17
3.957911091412994686e+00
4.510281037539698445e-17
3.958559621048006072e+00
4.857225732735059864e-17
3.959143380098313791e+00
2.081668171172168513e-17
3.959686691769610967e+00
-2.775557561562891351e-17
3.960219733636327177e+00
-2.081668171172168513e-17
3.960791404353202427e+00
1.387778780781445676e-17
3.961504412881847514e+00
5.551115123125782702e-17
3.962638006730481166e+00
-4.857225732735059864e-17
3.965240815835208821e+00
9.714451465470119729e-17
3.976252708110170175e+00
2.567390744445674500e-16
4.248065152990797344e+00
-8.326672684688674053e-17
5.839323672510861485e+00
1.110223024625156540e-16
5.900500864384945032e+00
-5.551115123125782702e-17
5.915811303732400717e+00
-9.714451465470119729e-17
5.923183471591860538e+00
-2.775557561562891351e-17
5.927691612632848717e+00
-1.249000902703301108e-16
5.930803876571886235e+00
-2.775557561562891351e-17
5.933114291734407963e+00
4.163336342344337027e-17
5.934913890598497055e+00
6.938893903907228378e-17
5.936364195480788197e+00
1.942890293094023946e-16
5.937563097821263014e+00
9.714451465470119729e-17
5.938573995266665406e+00
9.714451465470119729e-17
5.939440191406976766e+00
1.387778780781445676e-16
5.940192640817089753e+00
2.498001805406602216e-16
5.940854511449837005e+00
-1.110223024625156540e-16
5.941444056187796363e+00
-2.498001805406602216e-16
5.941976800501569400e+00
-1.665334536937734811e-16
5.942467586090962151e+00
1.110223024625156540e-16
5.942933494534919703e+00
-1.665334536937734811e-16
5.943399586669746881e+00
2.775557561562891351e-17
5.943913799300205802e+00
0.000000000000000000e+00
5.944595237744440652e+00
-5.551115123125782702e-17
5.945841096344270049e+00
5.551115123125782702e-17
5.949711548450487442e+00
1.665334536937734811e-16
5.985248468265796262e+00
-2.775557561562891351e-17
7.543890156490431487e+00
-2.775557561562891351e-17
7.797314541531408238e+00
2.081668171172168513e-16
7.837620179024709977e+00
-4.163336342344337027e-16
7.856303445162515331e+00
-2.359223927328457648e-16
7.869049616038451767e+00
4.163336342344337027e-16
7.885460599133971016e+00
-6.938893903907228378e-17
8.084687395160866430e+00
-1.387778780781445676e-17
9.737299076524323027e+00
1.665334536937734811e-16
9.814455380382025140e+00
4.302114220422481594e-16
9.834974346979205251e+00
-1.249000902703301108e-16
9.845755159545870328e+00
-4.302114220422481594e-16
9.852860531304184377e+00
-3.053113317719180486e-16
9.858073126558682731e+00
-1.387778780781445676e-16
9.862136517108604394e+00
-2.775557561562891351e-16
9.865428515723669634e+00
1.942890293094023946e-16
9.868167035028594825e+00
-3.330669073875469621e-16
9.870489371470988260e+00
-1.387778780781445676e-16
9.872487914782656304e+00
-3.885780586188047891e-16
9.874228191687652867e+00
1.665334536937734811e-16
9.875758912863339845e+00
-8.326672684688674053e-17
9.877118147427111694e+00
8.326672684688674053e-17
9.878337685973464843e+00
2.498001805406602216e-16
9.879447016580137131e+00
4.996003610813204432e-16
9.880478638420296278e+00
8.326672684688674053e-17
9.881478509450577263e+00
5.551115123125782702e-17
9.882533608968021355e+00
-3.885780586188047891e-16
9.883865312750415910e+00
-2.220446049250313081e-16
9.886260819975863257e+00
-3.885780586188047891e-16
9.894456261915724582e+00
1.387778780781445676e-16
1.002505999372047540e+01
5.273559366969493567e-16
1.171549065292269276e+01
-2.775557561562891351e-16
1.180720076331874857e+01
8.326672684688674053e-17
1.182771256924230485e+01
-5.551115123125782702e-17
1.183748658954051436e+01
3.608224830031758756e-16
1.184348944965061001e+01
-2.775557561562891351e-16
1.184766765525891330e+01
-1.665334536937734811e-16
1.185080390363602909e+01
-1.387778780781445676e-16
1.185328949799125198e+01
0.000000000000000000e+00
1.185536098857837217e+01
-1.804112415015879378e-16
1.185720724567070050e+01
5.551115123125782702e-17
1.185907661963161530e+01
-2.081668171172168513e-16
1.186159376506496699e+01
-7.771561172376095783e-16
1.186779500133013876e+01
-4.302114220422481594e-16
1.192335103494236037e+01
-1.110223024625156540e-16
1.360473580186751619e+01
-1.804112415015879378e-16
1.377464355880983504e+01
2.983724378680108202e-16
1.380171814894708504e+01
1.942890293094023946e-16
1.381689740490267049e+01
-2.012279232133096230e-16
1.388496174066921540e+01
4.336808689942017736e-17
1.473499789923488024e+01
-4.250072516143177381e-17
1.478605606283754881e+01
-3.469446951953614189e-17
1.479914710080026197e+01
7.632783294297951215e-17
1.480613538521050643e+01
-6.938893903907228378e-18
1.481078009975207266e+01
-2.775557561562891351e-17
1.481418161735526340e+01
-8.326672684688674053e-17
1.481680467255506528e+01
-6.938893903907228378e-17
1.481888895724987165e+01
-1.387778780781445676e-17
1.482057448255905818e+01
-8.326672684688674053e-17
1.482195019199340891e+01
6.938893903907228378e-17
1.482307603457260115e+01
2.220446049250313081e-16
1.482399422486251339e+01
-1.387778780781445676e-17
1.482473544136213306e+01
0.000000000000000000e+00
1.482532252903441616e+01
-8.326672684688674053e-17
1.482577275532311489e+01
2.775557561562891351e-17
1.482609931241539591e+01
0.000000000000000000e+00
1.482631229463575551e+01
-2.775557561562891351e-16
1.482641937575592195e+01
-4.718447854656915297e-16
1.482642627770232480e+01
1.387778780781445676e-16
1.482633709732504101e+01
1.110223024625156540e-16
1.482615453180903131e+01
-4.440892098500626162e-16
1.482588002847835540e+01
2.775557561562891351e-17
1.482551387521271913e+01
1.942890293094023946e-16
1.482505524122145779e+01
-3.053113317719180486e-16
1.482450217318760721e+01
3.608224830031758756e-16
1.482385154797247395e+01
-1.665334536937734811e-16
1.482309897956902134e+01
7.216449660063517513e-16
1.482223867432103326e+01
-4.163336342344337027e-16
1.482126322407848207e+01
-1.110223024625156540e-16
1.482016332131678915e+01
-3.608224830031758756e-16
1.481892737242928604e+01
8.326672684688674053e-17
1.481754097406317250e+01
-4.440892098500626162e-16
1.481598620033724245e+01
4.440892098500626162e-16
1.481424062241614337e+01
1.665334536937734811e-16
1.481227593990415770e+01
5.551115123125782702e-17
1.481005603452233110e+01
1.110223024625156540e-16
1.480753413941621233e+01
4.996003610813204432e-16
1.480464861116508857e+01
1.387778780781445676e-16
1.480131641254219943e+01
-3.330669073875469621e-16
1.479742268249245640e+01
1.110223024625156540e-16
1.479280327302881126e+01
-8.049116928532384918e-16
1.478721384798784833e+01
-1.193489751472043281e-15
1.478027127954962339e+01
-1.387778780781445676e-15
1.477133209913060341e+01
-1.942890293094023946e-16
1.475920806003943753e+01
1.137978600240785454e-15
1.474137481641489344e+01
-1.387778780781445676e-16
1.471107661123600963e+01
2.498001805406602216e-16
1.463938627567415018e+01
8.326672684688674053e-16
1.391163366918978106e+01
9.436895709313830594e-16
1.289003531417549375e+01
-3.330669073875469621e-16
1.287740021512173882e+01
3.330669073875469621e-16
1.287550611160002134e+01
0.000000000000000000e+00
1.287474034479872387e+01
1.665334536937734811e-16
1.287421770331874171e+01
-2.775557561562891351e-16
1.287375983388303169e+01
-1.665334536937734811e-16
1.287331454192123736e+01
0.000000000000000000e+00
1.287286247465318034e+01
-4.996003610813204432e-16
1.287239500704632889e+01
4.440892098500626162e-16
1.287190757776640027e+01
5.551115123125782702e-17
1.287139731456296765e+01
0.000000000000000000e+00
1.287086207297230267e+01
-1.110223024625156540e-16
1.287030000328969948e+01
-1.665334536937734811e-16
1.286970933463534372e+01
-1.110223024625156540e-16
1.286908825453135563e+01
-6.106226635438360972e-16
1.286843483208712335e+01
0.000000000000000000e+00
1.286774696075455537e+01
-2.775557561562891351e-16
1.286702230850469064e+01
3.885780586188047891e-16
1.286625826856339572e+01
3.330669073875469621e-16
1.286545190618587498e+01
-2.775557561562891351e-16
1.286459989785984881e+01
0.000000000000000000e+00
1.286369845944636126e+01
-2.775557561562891351e-16
1.286274325935355378e+01
3.330669073875469621e-16
1.286172931196072611e+01
-1.665334536937734811e-16
1.286065084511686862e+01
1.110223024625156540e-16
1.285950113348031465e+01
1.110223024625156540e-16
1.285827228647309539e+01
-1.276756478318930021e-15
1.285695497525478714e+01
-3.330669073875469621e-16
1.285553807666500248e+01
2.775557561562891351e-16
1.285400820238239206e+01
0.000000000000000000e+00
1.285234906667809085e+01
1.110223024625156540e-16
1.285054062282310738e+01
-1.387778780781445676e-16
1.284855786069564942e+01
-4.163336342344337027e-16
1.284636909601059784e+01
1.387778780781445676e-16
1.284393347528067686e+01
-2.220446049250313081e-16
1.284119723171405170e+01
-2.498001805406602216e-16
1.283808787668345985e+01
-3.608224830031758756e-16
1.283450482686494709e+01
2.220446049250313081e-16
1.283030354723585020e+01
-6.661338147750939243e-16
1.282526712152492010e+01
1.387778780781445676e-16
1.281905142124510277e+01
1.942890293094023946e-16
1.281106882223834020e+01
0.000000000000000000e+00
1.280020758337576581e+01
-8.326672684688674053e-17
1.278401468124067009e+01
1.665334536937734811e-16
1.275546897291361326e+01
-8.326672684688674053e-17
1.267938399624603996e+01
8.326672684688674053e-16
1.149080138393950712e+01
6.106226635438360972e-16
1.090685188479642420e+01
4.440892098500626162e-16
1.089652550432530198e+01
-2.775557561562891351e-16
1.089445039523405612e+01
1.665334536937734811e-16
1.089345423131543100e+01
-1.110223024625156540e-16
1.089271865337141065e+01
2.775557561562891351e-16
1.089206067959523239e+01
0.000000000000000000e+00
1.089142279311784023e+01
-1.665334536937734811e-16
1.089078236095877372e+01
-2.775557561562891351e-16
1.089012871257659398e+01
-3.885780586188047891e-16
1.088945588291909417e+01
1.110223024625156540e-16
1.088875991906457585e+01
-3.053113317719180486e-16
1.088803774905531796e+01
-2.220446049250313081e-16
1.088728665298076059e+01
-5.551115123125782702e-17
1.088650398750318971e+01
5.551115123125782702e-17
1.088568702362117335e+01
-2.775557561562891351e-17
1.088483283482236175e+01
-4.440892098500626162e-16
1.088393820464235517e+01
2.775557561562891351e-17
1.088299955191119039e+01
3.608224830031758756e-16
1.088201282391270652e+01
1.665334536937734811e-16
1.088097340990361594e+01
3.330669073875469621e-16
1.087987601237805180e+01
-2.775557561562891351e-16
1.087871449811939328e+01
1.110223024625156540e-16
1.087748170788249880e+01
-1.942890293094023946e-16
1.087616921656650604e+01
1.665334536937734811e-16
1.087476702566248576e+01
3.330669073875469621e-16
1.087326314629899393e+01
2.498001805406602216e-16
1.087164304834503881e+01
-8.326672684688674053e-17
1.086988891512437228e+01
2.498001805406602216e-16
1.086797860121603065e+01
5.551115123125782702e-17
1.086588416175839100e+01
-1.110223024625156540e-16
1.086356970775210939e+01
-2.220446049250313081e-16
1.086098821036133089e+01
-5.551115123125782702e-17
1.085807657190282782e+01
-8.326672684688674053e-17
1.085474770922340326e+01
-3.053113317719180486e-16
1.085087728117021655e+01
-1.110223024625156540e-16
1.084628009839759066e+01
1.942890293094023946e-16
1.084066518739853180e+01
2.775557561562891351e-17
1.083354198659659318e+01
1.665334536937734811e-16
1.082399896988757604e+01
-1.665334536937734811e-16
1.081008046436659598e+01
1.942890293094023946e-16
1.078646723714422251e+01
2.498001805406602216e-16
1.072973408845663990e+01
3.330669073875469621e-16
1.010994085748382432e+01
8.881784197001252323e-16
8.927133162942070044e+00
-3.885780586188047891e-16
8.909879914958846570e+00
5.551115123125782702e-17
8.907015033306537433e+00
-8.326672684688674053e-17
8.905716884238458420e+00
5.551115123125782702e-17
8.904773363641378836e+00
8.326672684688674053e-17
8.903931622604476459e+00
1.942890293094023946e-16
8.903114709192585963e+00
-1.110223024625156540e-16
8.902292659513316053e+00
2.914335439641035919e-16
8.901451202368320992e+00
-2.775557561562891351e-17
8.900582082654551641e+00
1.249000902703301108e-16
8.899679526934747287e+00
9.714451465470119729e-17
8.898738753437763549e+00
-4.163336342344337027e-17
8.897755265630262755e+00
1.387778780781445676e-16
8.896724464105314922e+00
-2.775557561562891351e-17
8.895641392364234790e+00
1.526556658859590243e-16
8.894500531700373358e+00
-6.938893903907228378e-18
8.893295608082031123e+00
-6.938893903907228378e-18
8.892019376935067498e+00
-2.775557561562891351e-17
8.890663367211958601e+00
-2.775557561562891351e-17
8.889217560678687846e+00
0.000000000000000000e+00
8.887669974714334842e+00
3.122502256758252770e-17
8.886006107144345023e+00
-4.163336342344337027e-17
8.884208181594694054e+00
-1.387778780781445676e-17
8.882254099667953540e+00
-7.632783294297951215e-17
8.880115951621093018e+00
-3.903127820947815962e-17
8.877757843331162135e+00
5.345116710353536860e-17
8.875132638111283612e+00
-2.862293735361731706e-17
8.872176897794137318e+00
5.030698080332740574e-17
8.868802714765394057e+00
1.561251128379126385e-17
8.864883879398522737e+00
-1.700029006457270953e-16
8.860231047481260447e+00
6.245004513516505540e-17
8.854543762622178349e+00
-6.245004513516505540e-17
8.847308473531061424e+00
1.700029006457270953e-16
8.837551684387012330e+00
1.179611963664228824e-16
8.823118303152320152e+00
1.526556658859590243e-16
8.797808187040534023e+00
-1.977584762613560088e-16
8.730380314043751255e+00
2.099015405931936584e-16
7.621367579679684923e+00
5.707240235963695341e-16
6.931540827705756413e+00
1.509209424099822172e-16
6.919197381298154426e+00
3.469446951953614189e-17
6.916474628781708489e+00
3.816391647148975608e-17
6.914997147458410431e+00
2.081668171172168513e-17
6.913808200517125968e+00
2.775557561562891351e-17
6.912690130007956846e+00
4.857225732735059864e-17
6.911571788386043025e+00
2.081668171172168513e-17
6.910422751840561872e+00
-4.857225732735059864e-17
6.909226293789718198e+00
1.179611963664228824e-16
6.907970671298395260e+00
-2.775557561562891351e-17
6.906645754001011994e+00
-1.387778780781445676e-16
6.905241458584464809e+00
-6.938893903907228378e-17
6.903746837979081619e+00
-1.249000902703301108e-16
6.902149385308963048e+00
9.714451465470119729e-17
6.900434347163068693e+00
9.714451465470119729e-17
6.898583915886137952e+00
2.775557561562891351e-17
6.896576177887462578e+00
-1.804112415015879378e-16
6.894383661484945414e+00
-4.163336342344337027e-17
6.891971248281135942e+00
1.110223024625156540e-16
6.889293060987147221e+00
-1.387778780781445676e-16
6.886287655077531156e+00
6.938893903907228378e-17
6.882870282318995336e+00
1.387778780781445676e-17
6.878919833905944969e+00
-1.387778780781445676e-16
6.874255486968669615e+00
-3.330669073875469621e-16
6.868591783213652491e+00
2.775557561562891351e-17
6.861443678488009290e+00
-2.220446049250313081e-16
6.851898483263259010e+00
1.665334536937734811e-16
6.837956889469865907e+00
2.775557561562891351e-17
6.813971383222487077e+00
-1.526556658859590243e-16
6.752771798979585682e+00
-2.775557561562891351e-17
5.847825537304164989e+00
-1.110223024625156540e-16
4.943669633812507236e+00
0.000000000000000000e+00
4.928842443239583204e+00
-2.775557561562891351e-17
4.925470412839356271e+00
-4.163336342344337027e-17
4.923458059530430475e+00
1.249000902703301108e-16
4.921713256833811556e+00
-1.387778780781445676e-17
4.919986280588439342e+00
6.938893903907228378e-17
4.918188711009385372e+00
-8.326672684688674053e-17
4.916274332421277649e+00
1.110223024625156540e-16
4.914208416842223315e+00
-8.326672684688674053e-17
4.911956944509780598e+00
8.326672684688674053e-17
4.909481118138988798e+00
-8.326672684688674053e-17
4.906732898751629435e+00
-2.775557561562891351e-17
4.903649747608987752e+00
2.775557561562891351e-17
4.900146912146715827e+00
2.775557561562891351e-17
4.896104839303267120e+00
-1.942890293094023946e-16
4.891347060887494713e+00
4.440892098500626162e-16
4.885598103128193870e+00
2.775557561562891351e-17
4.878395388831480162e+00
1.387778780781445676e-16
4.868880236065884937e+00
-3.608224830031758756e-16
4.855204248845225834e+00
0.000000000000000000e+00
4.832287261432822945e+00
-1.804112415015879378e-16
4.777158495485107181e+00
-4.163336342344337027e-17
4.124192711534096389e+00
4.163336342344337027e-17
2.959247766849923522e+00
8.326672684688674053e-17
2.940157419284174622e+00
4.163336342344337027e-17
2.935373034054410191e+00
-8.326672684688674053e-17
2.931930275103508343e+00
6.938893903907228378e-17
2.928483234785874245e+00
9.714451465470119729e-17
2.924648156310848179e+00
2.775557561562891351e-17
2.920173994457680777e+00
-5.551115123125782702e-17
2.914769431486084805e+00
4.163336342344337027e-17
2.907993508804860738e+00
-1.942890293094023946e-16
2.899071332241533128e+00
-1.387778780781445676e-17
2.886421392017409104e+00
8.326672684688674053e-17
2.866015517217239683e+00
-6.938893903907228378e-18
2.822254734747271065e+00
0.000000000000000000e+00
2.543581197952813788e+00
2.862293735361731706e-17
9.984932607824523743e-01
5.898059818321144121e-17
9.603403091064710573e-01
1.040834085586084257e-17
9.465138252972984390e-01
1.734723475976807094e-17
9.194935389142018245e-01
9.540979117872439019e-18
6.093448062418544975e-01
0.000000000000000000e+00
1.084513428011314728e-02
5.421010862427522170e-20
1.985597876154570739e-03
-6.776263578034402713e-21
7.367624910629690061e-04
4.235164736271501695e-22
3.638507239906571197e-04
1.058791184067875424e-22
2.094671574137888371e-04
0.000000000000000000e+00
1.326105395499122550e-04
5.293955920339377119e-22
8.954803593428307311e-05
-7.940933880509065679e-23
6.335810607953432918e-05
5.293955920339377119e-23
4.644201014265676134e-05
-6.617444900424221399e-24
3.500306258251802876e-05
6.617444900424221399e-23
2.698139148975311612e-05
0.000000000000000000e+00
2.118835484176357845e-05
-4.632211430296954979e-23
1.690178392012219532e-05
-1.985233470127266420e-23
1.366428814782818739e-05
-1.819797347616660885e-23
1.117594054188546072e-05
4.963083675318166049e-24
9.234194781424188227e-06
8.271806125530276749e-24
7.698767847253534566e-06
4.135903062765138374e-24
6.470345691073931953e-06
-3.308722450212110699e-24
5.477253636716137566e-06
4.135903062765138374e-24
4.666877499217141089e-06
4.135903062765138374e-25
4.000005524448151532e-06
-1.240770918829541512e-24
3.447014797441862345e-06
-1.240770918829541512e-24
2.985250474484261176e-06
-2.895132143935596862e-24
2.597193039136084886e-06
-1.033975765691284594e-24
2.269156249652517995e-06
6.203854594147707562e-25
1.990348747504119427e-06
0.000000000000000000e+00
1.752188842725459053e-06
-2.067951531382569187e-25
1.547798125964574972e-06
2.067951531382569187e-25
1.371623079103520868e-06
7.237830359838992155e-25
1.219149430227617928e-06
9.305781891221561342e-25
1.086684472319485697e-06
-1.137373342260413053e-24
9.711897107829318861e-07
5.169878828456422968e-25
8.701511455700684903e-07
4.135903062765138374e-25
7.814779522787342067e-07
-6.203854594147707562e-25
7.034227757540594771e-07
-2.584939414228211484e-25
6.345186028374785788e-07
0.000000000000000000e+00
5.735284484750664317e-07
9.822769774067203639e-25
5.194050145947289728e-07
-3.360421238496674929e-25
4.712581624803552455e-07
-2.843433355651032632e-25
4.283285453069469928e-07
1.809457589959748039e-25
3.899661261729500656e-07
-4.652890945610780671e-25
3.556125925058496362e-07
-1.809457589959748039e-25
3.247868945538987145e-07
7.754818242684634452e-26
2.970733014451246110e-07
1.033975765691284594e-25
2.721114958293816172e-07
2.067951531382569187e-25
2.495883268322242861e-07
-3.231174267785264355e-25
2.292309178944538351e-07
1.809457589959748039e-25
2.108008862214086084e-07
2.584939414228211484e-25
1.940894778948791070e-07
3.877409121342317226e-26
1.789134601275541189e-07
3.877409121342317226e-26
1.651116418782638175e-07
-1.163222736402695168e-25
1.525419177837443994e-07
-4.523643974899370097e-26
1.410787493934392386e-07
-3.877409121342317226e-26
1.306110130153000073e-07
-6.462348535570528710e-27
1.210401558656972491e-07
6.462348535570528710e-26
1.122786122668967774e-07
1.550963648536926890e-25
1.042484398217677006e-07
7.754818242684634452e-26
9.688014218721743270e-08
7.108583389127581581e-26
9.011165055695217523e-08
5.169878828456422968e-26
8.388744048182807128e-08
-9.693522803355793065e-27
7.815775410267048991e-08
5.492996255234949403e-26
7.287797494762526732e-08
-1.615587133892632177e-26
6.800797663310133130e-08
0.000000000000000000e+00
6.351166102866005561e-08
-2.908056841006737919e-26
5.935649883792904261e-08
3.231174267785264355e-27
5.551313766016634476e-08
0.000000000000000000e+00
5.195505742517669724e-08
-5.169878828456422968e-26
4.865826695172865155e-08
-6.462348535570528710e-27
4.560103627295504118e-08
-1.292469707114105742e-26
4.276366012810746899e-08
-6.462348535570528710e-27
4.012824866111159765e-08
-6.462348535570528710e-27
3.767854191130921399e-08
-6.462348535570528710e-27
3.539974514597631557e-08
3.231174267785264355e-27
3.327838248050177779e-08
3.231174267785264355e-26
3.130216657111378245e-08
-4.846761401677896532e-27
2.945988245561368456e-08
-2.746498127617474702e-26
2.774128386713933321e-08
-8.077935669463160887e-27
2.613700056070442228e-08
-1.292469707114105742e-26
2.463845537736877345e-08
-2.261821987449685048e-26
2.323778993075222952e-08
-1.938704560671158613e-26
2.192779793889271518e-08
-1.534807777198000569e-26
2.070186534429463582e-08
3.877409121342317226e-26
1.955391646903349366e-08
-8.077935669463160887e-28
1.847836554222490093e-08
9.693522803355793065e-27
1.747007301592395508e-08
-9.693522803355793065e-27
1.652430615420348744e-08
4.038967834731580444e-27
1.563670344016051978e-08
8.885729236409476976e-27
1.480324239807437626e-08
-7.270142102516844799e-27
1.402021047391660481e-08
1.615587133892632177e-27
1.328417865773963939e-08
2.261821987449685048e-26
1.259197756689577594e-08
8.885729236409476976e-27
1.194067574020162467e-08
8.077935669463160887e-28
1.132755992060479535e-08
-8.885729236409476976e-27
1.075011712811549803e-08
5.250658185151054577e-27
1.020601834613629289e-08
3.635071051258422399e-27
9.693103663216682193e-09
6.058451752097370666e-27
9.209368728984653523e-09
-3.635071051258422399e-27
8.752952397825840538e-09
-6.462348535570528710e-27
8.322125447030353237e-09
1.252080028766789938e-26
7.915280267805856020e-09
-2.019483917365790222e-27
7.530921437938582046e-09
1.413638742156053155e-27
7.167657094129214586e-09
4.442864618204738488e-27
6.824191030265162282e-09
2.827277484312106311e-27
6.499315455239192890e-09
-8.077935669463160887e-28
6.191904350484361637e-09
-2.019483917365790222e-28
5.900907373258320800e-09
4.644813009941317510e-27
5.625344256957410802e-09
-1.413638742156053155e-27
5.364299664438031102e-09
-2.423380700838948266e-27
5.116918454534461914e-09
-2.423380700838948266e-27
4.882401325741394148e-09
-1.817535525629211200e-27
4.660000804421499043e-09
-8.077935669463160887e-28
4.449017547949791960e-09
2.019483917365790222e-28
4.248796935949099327e-09
2.019483917365790222e-28
4.058725925242067011e-09
-1.918509721497500711e-27
3.878230146371595200e-09
5.048709793414475555e-28
3.706771221548844481e-09
-5.048709793414475555e-28
3.543844285701350309e-09
-1.211690350419474133e-27
3.388975693930229201e-09
-3.837019442995001422e-27
3.241720900166230761e-09
1.716561329760921689e-27
3.101662493153282337e-09
1.413638742156053155e-27
2.968408377101341078e-09
-4.038967834731580444e-28
2.841590085448717537e-09
-1.009741958682895111e-27
2.720861217170814114e-09
0.000000000000000000e+00
2.605895985976410684e-09
1.211690350419474133e-27
2.496387873553581687e-09
-2.625329092575527288e-27
