-5.922294065536117813e+00
-4.288899716231570736e+00
-6.371631594256634834e+00
-4.284036810184193911e+00
-7.181052032995090428e+00
-4.289622474006896446e+00
-8.938113198115360092e+00
-4.352848276816676076e+00
-9.113945223491462855e+00
-2.148565934543017519e+01
-3.697109492278344955e+00
-9.434245316569619177e+00
-3.639617744393840670e+00
-8.020638042035937332e+00
-3.637269504613153792e+00
-7.377964879020824540e+00
-3.646411913946687733e+00
-6.991893583130107004e+00
-3.659734710700846438e+00
-6.727536057656450907e+00
-3.675097478078720226e+00
-6.532040765375258573e+00
-3.691676726924727259e+00
-6.379944061661612764e+00
-3.709099726269625918e+00
-6.257284549640329985e+00
-3.727179489509158561e+00
-6.155691816388728199e+00
-3.745816204379535552e+00
-6.069806240422980892e+00
-3.764955199673608810e+00
-5.996017937197900771e+00
-3.784567106639693979e+00
-5.931795819717746276e+00
-3.804637735616544614e+00
-5.875306148395772254e+00
-3.825162584793788678e+00
-5.825183774320342955e+00
-3.846143716241693156e+00
-5.780388788907632858e+00
-3.867587914123181925e+00
-5.740113320228559246e+00
-3.889505573165591201e+00
-5.703719001930060983e+00
-3.911910022257762076e+00
-5.670693871167419964e+00
-3.934817118443776351e+00
-5.640621954788613834e+00
-3.958245014872186829e+00
-5.613161381219013535e+00
-3.982214031831329493e+00
-5.588028481193099140e+00
-4.006746206530902299e+00
-5.564988248422970685e+00
-4.031951708963695147e+00
-5.543942327595327235e+00
-4.057604711477781123e+00
-5.524390229075663683e+00
-4.083985930789557628e+00
-5.506518860904085599e+00
-4.111044329651521778e+00
-5.490092512981712858e+00
-4.138814725437359954e+00
-5.475000173808998838e+00
-4.167335228877014686e+00
-5.461146073211166296e+00
-4.196647440363013182e+00
-5.448446536884701707e+00
-4.226796828525620775e+00
-5.436828104823231200e+00
-4.257833182950379047e+00
-5.426226054161257473e+00
-4.289811145028154193e+00
-5.416583192216345211e+00
-4.322790829583825989e+00
-5.407848857631455175e+00
-4.356838554419994125e+00
-5.399978087563793494e+00
-4.392027699157807774e+00
-5.392930919329552708e+00
-4.428439720356410092e+00
-5.386671801998499376e+00
-4.466165356834677524e+00
-5.381169099090493013e+00
-4.505306068033345213e+00
-5.376394669724042785e+00
-4.545975759317322229e+00
-5.372323528745480914e+00
-4.588302859686520740e+00
-5.368933638154478771e+00
-4.632432810661915923e+00
-5.366206173493726084e+00
-4.678530774421147953e+00
-5.364128974676473760e+00
-4.726777843723137806e+00
-5.362743983175459306e+00
-4.755145144871357310e+00
-5.371092018263160739e+00
-4.830723786422955968e+00
-5.362108560139072999e+00
-4.886879958921210410e+00
-5.362188809358263697e+00
-4.946338856843382814e+00
-5.363094233062429161e+00
-5.009486129042564961e+00
-5.364626108854151809e+00
-5.076813693041338560e+00
-5.366756389548245743e+00
-5.148918733762143596e+00
-5.369478252068080160e+00
-5.226532497717290227e+00
-5.372792016829583517e+00
-5.310561718550978583e+00
-5.376702790706080037e+00
-5.402147253808105454e+00
-5.381220520801848650e+00
-5.502748741007932765e+00
-5.386361119232505601e+00
-5.614270051188283261e+00
-5.392148649611512745e+00
-5.739251004289300795e+00
-5.398619128186792793e+00
-5.881171129314059165e+00
-5.405827195933290419e+00
-6.044952127817794008e+00
-5.413858331050022343e+00
-6.237833553900177463e+00
-5.422852572566412732e+00
-6.471000911843817427e+00
-5.433054282478950725e+00
-6.762873023966283981e+00
-5.444927427950008614e+00
-7.146506840272556893e+00
-5.459460601982186745e+00
-7.689037868344064108e+00
-5.479141037321731744e+00
-8.556180943627618163e+00
-5.512121723194475464e+00
-1.033881021950388934e+01
-5.603103777080280956e+00
-2.037360539481836952e+01
-7.705181034006448826e+00
-3.993713680308500713e+00
-1.346256752540990931e+01
-3.852981112746253434e+00
-1.086759412959025539e+01
-3.845097302342277867e+00
-9.832353469877032737e+00
-3.858932949667917001e+00
-9.243715705531288407e+00
-3.880094083927704052e+00
-8.855351615890167949e+00
-3.904775108158854202e+00
-8.577220650038375638e+00
-3.931591969506975204e+00
-8.367721607586519283e+00
-3.959913000393455285e+00
-8.205131195628705854e+00
-3.989224817938872292e+00
-8.079061219156539408e+00
-4.016334932908012689e+00
-8.003531362684878303e+00
-3.764892255343118332e+00
-7.451805906387160228e+00
-5.156382280978990984e+00
-8.053238404402602413e+00
-4.123553744052509629e+00
-7.818246936160160310e+00
-4.155573174701010508e+00
-7.728801635724096286e+00
-4.191287064982321731e+00
-7.675330558558034255e+00
-4.228533299247390076e+00
-7.635754092127857717e+00
-4.267093581710469152e+00
-7.605146989994299389e+00
-4.306961993587617776e+00
-7.581528251251675066e+00
-4.348182512720458526e+00
-7.563819372527105678e+00
-4.390818839366652071e+00
-7.551329723737753241e+00
-4.434946726081674839e+00
-7.543578118289226531e+00
-4.480651863285187275e+00
-7.540215727892285003e+00
-4.528029562499804150e+00
-7.540987005283682265e+00
-4.577185191265534137e+00
-7.545707484792927744e+00
-4.628235025792618806e+00
-7.554250189220794276e+00
-4.681307412994564210e+00
-7.566536970485877589e+00
-4.736544219048440141e+00
-7.582532984279502841e+00
-4.794102581677306851e+00
-7.602243352014700584e+00
-4.854157008199381451e+00
-7.625711495647621518e+00
-4.916901881820351150e+00
-7.653018880791880640e+00
-4.982554454850183667e+00
-7.684286112639772348e+00
-5.051358308405061948e+00
-7.719676208816418139e+00
-5.123085036674753567e+00
-7.759468834095023304e+00
-5.199556113720643857e+00
-7.803693271410939936e+00
-5.279613168207842655e+00
-7.852888916066791403e+00
-5.364165058822777610e+00
-7.907364148853361030e+00
-5.453676519261725808e+00
-7.967574986232615508e+00
-5.548685996118923214e+00
-8.034073258410145968e+00
-5.649821565154897307e+00
-8.107526374392719504e+00
-5.757821746078745306e+00
-8.188745940192021067e+00
-5.873562691912500355e+00
-8.278727895828632555e+00
-5.998094096808929798e+00
-8.378711734187341165e+00
-6.132686895954226891e+00
-8.490276955138785553e+00
-6.278895403947368337e+00
-8.615531906104921589e+00
-6.438625736705262170e+00
-8.757620404115332491e+00
-6.614088795261457321e+00
-8.922893893541861132e+00
-6.805394972432476486e+00
-9.139927710616653656e+00
-5.148698036126219790e+00
-8.827448142170906564e+00
-7.652247306577278252e+00
-1.068537638359488184e+01
-7.568566243182541342e+00
-1.002055485316722283e+01
-7.899030824120547578e+00
-1.033071663084942671e+01
-8.302572301266296861e+00
-1.079250223281753307e+01
-8.808282602733578770e+00
-1.143460706399642923e+01
-9.476904145880057584e+00
-1.238360873680768748e+01
-1.044017963191776133e+01
-1.399887486042375073e+01
-1.200808100258833022e+01
-1.791909497053235611e+01
-7.438177421502451203e+00
-2.278036293239203758e+01
4.960896729340058542e+00
-1.745135169342381332e+01
1.790553037323141083e+00
-1.287042634097118921e+01
8.368401110951451116e-02
-1.143978104611266211e+01
-1.141175555143090659e+00
-1.072868821589972299e+01
-2.195008548309212770e+00
-1.032634061247614810e+01
-3.236269694597504021e+00
-1.010072573220570291e+01
-4.405305734647310345e+00
-1.000100760709219827e+01
-5.916835296778542030e+00
-1.001409993081694338e+01
-8.295262936649169916e+00
-1.016779944561327120e+01
-1.386568659772655288e+01
-1.070633037951794186e+01
-1.957426571234191837e+00
-4.316540862614667873e+01
1.780587524430566448e+00
-2.465338302923584735e+01
1.866762825525859038e+00
-2.247004114500411731e+01
2.124609217153370810e+00
-2.478674426522904994e+01
1.584990979252688703e+01
-1.355961679697776567e+01
8.856974500930716587e+00
-1.192971842256956627e+01
6.932173185645185143e+00
-1.125495525894071669e+01
5.895112930648831906e+00
-1.075668663563823024e+01
5.204449395706089554e+00
-1.035743751523632739e+01
4.692447194756513618e+00
-1.002573313824172985e+01
4.287523993800466116e+00
-9.743788789227265212e+00
3.953156601818622384e+00
-9.500174459256323090e+00
3.668411899861493186e+00
-9.287017672564090276e+00
3.420260802075996587e+00
-9.098644697559540973e+00
3.200076319711780748e+00
-8.930827964029944610e+00
3.001863381872438730e+00
-8.780333518046782970e+00
2.821290232563166800e+00
-8.644632239272995733e+00
2.655124047056736103e+00
-8.521705633806510249e+00
2.500884583664794825e+00
-8.409905814811111213e+00
2.356621433507696928e+00
-8.307836906730251769e+00
2.220760880161196660e+00
-8.214196709054256473e+00
2.091963090845984752e+00
-8.127272633754985875e+00
1.973894027023224140e+00
-8.046314514949791885e+00
1.851227503665271890e+00
-7.995442916277510470e+00
1.738968890196697981e+00
-7.923318146560111686e+00
1.629779713433556987e+00
-7.862101645679230089e+00
1.523662396749040804e+00
-7.807044039820166148e+00
1.420121519827249212e+00
-7.757227908113529580e+00
1.318703957582034070e+00
-7.712451247435803126e+00
1.189579212445769807e+00
-7.689600411914890188e+00
1.120112063239991906e+00
-7.635219845009471484e+00
1.022173927879695743e+00
-7.602613577193622518e+00
9.245518635806289076e-01
-7.574032346497386214e+00
8.267774004684511624e-01
-7.549360250486175872e+00
7.284119166460296668e-01
-7.528462286385531499e+00
6.289778249192428117e-01
-7.511296796892910521e+00
5.279615101099326413e-01
-7.497857215278809662e+00
4.248008779098624288e-01
-7.488168458807736627e+00
3.188700079613360217e-01
-7.482287256364609007e+00
2.094601604955816931e-01
-7.480303960000018293e+00
9.575578447687949080e-02
-7.482345511421607753e+00
-2.319641036745911933e-02
-7.488579627239461800e+00
-1.485281109545433242e-01
-7.499220429923751041e+00
-2.816038986620632567e-01
-7.514535890304735233e+00
-4.240957815090138361e-01
-7.534857619905576342e+00
-5.780873360252676285e-01
-7.560593797913675473e+00
-7.462226903149142831e-01
-7.592246393480418298e+00
-9.319253721826523673e-01
-7.630434445371715668e+00
-1.139729686463792468e+00
-7.675926172097337741e+00
-1.375800570830225666e+00
-7.729684487705621443e+00
-1.648784217713849864e+00
-7.792933947335146883e+00
-1.971272939106198052e+00
-7.867264355058560810e+00
-2.362493403358703503e+00
-7.954803078723619691e+00
-2.853658332140995402e+00
-8.058533075586748140e+00
-3.499840024065717703e+00
-8.182976703672551366e+00
-4.410650365876670698e+00
-8.336038712274234541e+00
-5.850383234959016576e+00
-8.536011982624508221e+00
-8.736928257003619080e+00
-8.860151200825978179e+00
-2.419477833862553595e+01
-1.233676610779683003e+01
-4.916474507238681735e-01
-2.185482353451567761e+01
-2.621176727175313914e-01
-1.917698280866067861e+01
-2.118129311894703104e-01
-1.892055277196534391e+01
-1.777922248113747994e-01
-1.971568642598908028e+01
-1.185578992906557438e-01
-2.166075077409598748e+01
6.685674899325411147e-02
-2.600017309589414083e+01
1.807150295369668092e+00
-4.215528204723604233e+01
3.230423690499934963e+01
-5.911373999793593015e+00
1.890166348604311963e+01
-4.740679446157287202e+00
1.442816291677628548e+01
-4.557346884499620998e+00
1.199239832447638143e+01
-4.482991071680686446e+00
1.040497215869730496e+01
-4.439976257303320573e+00
9.265853252758201819e+00
-4.409932745700947621e+00
8.397338552109886223e+00
-4.386495049092753007e+00
7.706779401921632910e+00
-4.366927468283352098e+00
7.140498447204639554e+00
-4.349876020597128523e+00
6.664969736321269878e+00
-4.334599370886554226e+00
6.258037843140579426e+00
-4.320659214867188957e+00
5.904402544992421120e+00
-4.307779963671805490e+00
5.593117510115084734e+00
-4.295779070507013131e+00
5.316120503413776177e+00
-4.284529727228829188e+00
5.067327303027870933e+00
-4.273939440336258500e+00
4.842050442476155681e+00
-4.263936654261244463e+00
4.636613566989842283e+00
-4.254461167569706603e+00
4.448088038858709403e+00
-4.245455237054154729e+00
4.274108296229075954e+00
-4.236851314832367876e+00
4.112738873438004816e+00
-4.228546712537188945e+00
3.962373814922556470e+00
-4.220330576795225497e+00
3.821640916868274118e+00
-4.211585157784026201e+00
3.689098097410937527e+00
-4.199153587487966632e+00
3.555186642670012276e+00
-4.251043253370953678e+00
3.447214746188100865e+00
-4.207686624463004676e+00
3.335907458933394132e+00
-4.198653572158429270e+00
3.229901050875571222e+00
-4.192490044051153220e+00
3.128829371140546378e+00
-4.187440062964105536e+00
3.032254734938642837e+00
-4.183097493146303414e+00
2.939777031875045132e+00
-4.179318464884905104e+00
2.851039023276638495e+00
-4.176039617721849062e+00
2.765722311641381825e+00
-4.173229408796791162e+00
2.683542458669617048e+00
-4.170871199515743477e+00
2.604244521358117126e+00
-4.168956297358844765e+00
2.527599184062543358e+00
-4.167480728712631866e+00
2.453399451004497855e+00
-4.166443603465909362e+00
2.381457823641814464e+00
-4.165846229665511657e+00
2.311603887553672187e+00
-4.165691611042560361e+00
2.243682242839849295e+00
-4.165984153571261395e+00
2.177550722559736140e+00
-4.166729493140147511e+00
2.113078853153472103e+00
-4.167934397387769607e+00
2.050146518756418068e+00
-4.169606715506760430e+00
1.988642797882934188e+00
-4.171755360884555230e+00
1.928464946317412609e+00
-4.174390317632719949e+00
1.869517504435979527e+00
-4.177522665648446321e+00
1.811711510748669429e+00
-4.181164621057353870e+00
1.754963806385821945e+00
-4.185329590257872212e+00
1.699196417650966628e+00
-4.190032236734658966e+00
1.644336005749796437e+00
-4.195288560454039306e+00
1.590313374432102966e+00
-4.201115990162731961e+00
1.537063027650712232e+00
-4.207533489319103204e+00
1.484522770464724362e+00
-4.214561676757933917e+00
1.432633347324729689e+00
-4.222222963373310378e+00
1.381338113049822569e+00
-4.230541707920077776e+00
1.330582730421589366e+00
-4.239544389989441164e+00
1.280314895674316000e+00
-4.249259810735054543e+00
1.230484077710132906e+00
-4.259719314966373460e+00
1.181041285310924449e+00
-4.270957045846496491e+00
1.131938837713330592e+00
-4.283010233799281252e+00
1.083130160026362532e+00
-4.295919523325801848e+00
1.034569577839401289e+00
-4.309729349367957596e+00
9.862121313667038258e-01
-4.324488362791189644e+00
9.380133864942368227e-01
-4.340249924810850146e+00
8.899292600694204136e-01
-4.357072668325163711e+00
8.419158417700391972e-01
-4.375021155471865875e+00
7.939292222966292112e-01
-4.394166629050177519e+00
7.459253227086806159e-01
-4.414587897845201780e+00
6.978597184971138123e-01
-4.436372363010451458e+00
6.496874685374552927e-01
-4.459617225487192194e+00
6.013629365864606724e-01
-4.484430912652785928e+00
5.528396086052292935e-01
-4.510934765834947235e+00
5.040699062842229905e-01
-4.539265052517619026e+00
4.550049934143447494e-01
-4.569575379231724632e+00
4.055945744296537425e-01
-4.602039601494651855e+00
3.557866848730770748e-01
-4.636855356876154133e+00
3.055274734264044056e-01
-4.674248385178731979e+00
2.547609745398855541e-01
-4.714477851596612368e+00
2.034288729901683190e-01
-4.757842963363954070e+00
1.514702666618723548e-01
-4.804691261472165742e+00
9.882141990383264130e-02
-4.855429120730903492e+00
4.541553117274821361e-02
-4.910535183721089325e+00
-8.817488109760907022e-03
-4.970577754545576710e+00
-6.395119498444623574e-02
-5.036237604407655333e+00
-1.200627257116386737e-01
-5.108338305112978261e+00
-1.772327841288316996e-01
-5.187887216219913000e+00
-2.355454116907187423e-01
-5.276131851526401739e+00
-2.950873948508410116e-01
-5.374638952153644844e+00
-3.559470307968486402e-01
-5.485407948624953178e+00
-4.182117827417148881e-01
-5.611038029586740805e+00
-4.819639268925555164e-01
-5.754981623974021687e+00
-5.472724563894011407e-01
-5.921942736738801116e+00
-6.141776765953494976e-01
-6.118529636098698710e+00
-6.826606251716418328e-01
-6.354379883911009053e+00
-7.525784803633512876e-01
-6.644225356245737402e+00
-8.235155681983654663e-01
-7.011999816540170904e+00
-8.943940844325566353e-01
-7.499932620658701588e+00
-9.622515824313679911e-01
-8.191974463380661931e+00
-1.017062187294927256e+00
-9.290274047266525059e+00
-1.001249174769518469e+00
-1.150879774641244424e+01
1.481975422289261957e+01
-1.819518844420655412e+01
2.122692668963338036e+01
-6.432784857204310924e+00
7.723705520526476853e+00
-2.469074715361972761e+00
5.350804631398299094e+00
-2.368891083634473205e+00
4.101484112560581430e+00
-2.342943517889077398e+00
3.261917280542480757e+00
-2.334457058750902814e+00
2.624498324412407158e+00
-2.332768185952761364e+00
2.102097978087942742e+00
-2.334534035651003148e+00
1.650245872851603401e+00
-2.338412249791059772e+00
1.243074152882402750e+00
-2.343782904501481745e+00
8.639271192436561719e-01
-2.350338415702980743e+00
5.010775916622827175e-01
-2.357925818961307041e+00
1.455221425860369067e-01
-2.366478390747107419e+00
-2.102869413070238558e-01
-2.375983861211420134e+00
-5.732670894619200652e-01
-2.386469666055588412e+00
-9.503331072382521505e-01
-2.397997404300495905e+00
-1.348972913010896058e+00
-2.410663509059047804e+00
-1.777886753440796053e+00
-2.424605672868700434e+00
-2.247819176175304356e+00
-2.440016642716509754e+00
-2.772776099418091000e+00
-2.457169884525601589e+00
-3.371967660342385376e+00
-2.476467255563627123e+00
-4.073151681661595802e+00
-2.498531887892152525e+00
-4.918848579121634756e+00
-2.524403615646154453e+00
-5.978989695657007886e+00
-2.555995530351232503e+00
-7.379854414279040320e+00
-2.597323039133756062e+00
-9.382056650120423669e+00
-2.658553933756196752e+00
-1.265156441015188094e+01
-2.774384016420418320e+00
-1.978046112166095583e+01
-3.160676621826409516e+00
-7.574263657291169238e+01
-6.323077225973305815e+01
2.568680015636902070e+00
-2.744931007989219651e+01
2.904676241215158328e+00
-2.069832826382771884e+01
2.949137738144676391e+00
-1.791507327209070866e+01
2.940913171634983669e+00
-1.640959507299050202e+01
2.916537267894468322e+00
-1.552151923427396518e+01
2.886345863902866515e+00
-1.500580773201217077e+01
2.854355123308263131e+00
-1.475561971067257439e+01
2.822625161863467902e+00
-1.472600673280121875e+01
2.792619387241532802e+00
-1.490952968555079750e+01
2.766000444224683719e+00
-1.533212269742044676e+01
2.745517832765277610e+00
-1.606496946054163999e+01
2.737177026212523678e+00
-1.726475206563467424e+01
2.757891950194975017e+00
-1.929962160352436840e+01
2.876948327316870113e+00
-2.326171781995401133e+01
3.792433915118991639e+00
-3.505761478275786658e+01
4.918486208997801157e+01
-5.861625547615807896e+00
2.454211527923483516e+01
-1.865570626934840881e+00
1.865512276625604571e+01
-1.621666987550356875e+00
1.561284814304367607e+01
-1.545816950119474065e+00
1.366192172942902516e+01
-1.511621111807685214e+00
1.226835547797119652e+01
-1.493337097992645024e+00
1.120581562763389272e+01
-1.482660239017846715e+00
1.035937246288928648e+01
-1.476175108742864062e+00
9.663478997344569166e+00
-1.472243871674726368e+00
9.077577970283202902e+00
-1.469992829278940372e+00
8.575008840779393182e+00
-1.468918065990960420e+00
8.137406871576857270e+00
-1.468711228337296726e+00
7.751641552364056054e+00
-1.469174821003716547e+00
7.408035144947906048e+00
-1.470177814460209564e+00
7.099272325944534501e+00
-1.471630928591218135e+00
6.819704329408979859e+00
-1.473472169203752236e+00
6.564888963465882021e+00
-1.475658005146070595e+00
6.331277288924018976e+00
-1.478157794330017705e+00
6.115994599870327342e+00
-1.480950156348815439e+00
5.916683827448880884e+00
-1.484020552075615340e+00
5.731391328666959772e+00
-1.487359634723293578e+00
5.558482108084772833e+00
-1.490962108122908747e+00
5.396575889927962777e+00
-1.494825926124537574e+00
5.244498226919333206e+00
-1.498951727920067922e+00
5.101242629063575507e+00
-1.503342439559345545e+00
4.965940886950924060e+00
-1.508002995817003145e+00
4.837839569713817234e+00
-1.512940151217969653e+00
4.716281232326872797e+00
-1.518162358905008391e+00
4.600689254329181743e+00
-1.523679702966437066e+00
4.490555508312525923e+00
-1.529503874130078378e+00
4.385430253132538425e+00
-1.535648182399417028e+00
4.284913792648385567e+00
-1.542127602076584614e+00
4.188649546128782930e+00
-1.548958847148629969e+00
4.096318256845906447e+00
-1.556160475823881173e+00
4.007633123299209288e+00
-1.563753024503136801e+00
3.922335685464008570e+00
-1.571759172654188630e+00
3.840192330752807859e+00
-1.580203940786609751e+00
3.760991312559278654e+00
-1.589114925617275631e+00
3.684540195406533769e+00
-1.598522575984767879e+00
3.610663656304592628e+00
-1.608460516679031116e+00
3.539201584917320176e+00
-1.618965926869667893e+00
3.470007437040830034e+00
-1.630079982973963615e+00
3.402946801926268527e+00
-1.641848377338486875e+00
3.337896151798461108e+00
-1.654321927294020167e+00
3.274741748200598490e+00
-1.667557292396117941e+00
3.213378681945050275e+00
-1.681617822816245056e+00
3.153710029561696437e+00
-1.696574566018634211e+00
3.095646110284889119e+00
-1.712507468575321878e+00
3.039103831126235278e+00
-1.729506817022858689e+00
2.984006109826751185e+00
-1.747674976588142082e+00
2.930281366581211078e+00
-1.767128501656819228e+00
2.877863078071894343e+00
-1.788000715814470620e+00
2.826689388409554748e+00
-1.810444888374133310e+00
2.776702773538673341e+00
-1.834638177708002527e+00
2.727849757316373136e+00
-1.860786568348009151e+00
2.680080679601873239e+00
-1.889131111424845244e+00
2.633349519536337890e+00
-1.919955894083521297e+00
2.587613780777577865e+00
-1.953598332377195712e+00
2.542834451028143317e+00
-1.990462630987535730e+00
2.498976056177467431e+00
-2.031037626534768492e+00
2.456006842544529167e+00
-2.075920804344826731e+00
2.413899141714512808e+00
-2.125851176955757094e+00
2.372630008407726532e+00
-2.181755159241449249e+00
2.332182284558481644e+00
-2.244811970894532660e+00
2.292546357320758066e+00
-2.316549197427539397e+00
2.253723096333031695e+00
-2.398986423963859860e+00
2.215728890310942223e+00
-2.494858360290933330e+00
2.178604617891169326e+00
-2.607975205764058835e+00
2.142432499111543986e+00
-2.743832451578074316e+00
2.107369760831839134e+00
-2.910703488237481817e+00
2.073722122492436704e+00
-3.121742350172188374e+00
2.042122652904795554e+00
-3.399423837643538171e+00
2.014038967282349102e+00
-3.786172850486914765e+00
1.993571420174095721e+00
-4.374877331101056477e+00
1.996685047172046534e+00
-5.426390054644635974e+00
2.158738049477196608e+00
-8.201840558806788195e+00
1.551832553639679446e+01
-1.359864028256555946e+00
8.006230699531236894e+00
-1.339003434286319683e-01
6.352993130502579078e+00
-5.789537376154858112e-02
5.512168861185301694e+00
-3.471206732743273987e-02
4.971104301344946741e+00
-2.414227909368436842e-02
4.579661449021563691e+00
-1.828267243643011408e-02
4.275694118149909073e+00
-1.463063026557438057e-02
4.028182126397673812e+00
-1.216892427157090402e-02
3.819671535909763715e+00
-1.041358710046534630e-02
3.639482372190144588e+00
-9.107767395378638803e-03
3.480659490257766997e+00
-8.103681998984958723e-03
3.338449747810886770e+00
-7.310842336750073694e-03
3.209477396048190823e+00
-6.671029719665105481e-03
3.091268266436690837e+00
-6.145244562295361541e-03
2.981960749242056785e+00
-5.706470157293056997e-03
2.880122623252832970e+00
-5.335452538383852333e-03
2.784630751552542360e+00
-5.018132685616690826e-03
2.694589623425572622e+00
-4.744026619926070693e-03
2.609274728628867557e+00
-4.505171111073768761e-03
2.528092279458766800e+00
-4.295418594868591518e-03
2.450549975578602435e+00
-4.109954215036262098e-03
2.376235399544296190e+00
-3.944957918429909186e-03
2.304799792912804346e+00
-3.797363514315658418e-03
2.235945695628047680e+00
-3.664683921946786885e-03
2.169417404858217768e+00
-3.544882458008134958e-03
2.104993522106256343e+00
-3.436276699878492227e-03
2.042481067960447483e+00
-3.337465758626545660e-03
1.981710788194352535e+00
-3.247274615052002898e-03
1.922533375506824349e+00
-3.164711055634176259e-03
1.864816402336069157e+00
-3.088932024843695206e-03
1.808441811198701288e+00
-3.019217092940281594e-03
1.753303846056057047e+00
-2.954947356145784174e-03
1.699307335437015620e+00
-2.895588523924322484e-03
1.646366258272990990e+00
-2.840677262443145126e-03
1.594402538580301565e+00
-2.789810091413748305e-03
1.543345026625835725e+00
-2.742634298898157831e-03
1.493128633001660655e+00
-2.698840462678962077e-03
1.443693588809739969e+00
-2.658156259548759281e-03
1.394984810420167864e+00
-2.620341313851242727e-03
1.346951351384035434e+00
-2.585182889854782413e-03
1.299545927325901129e+00
-2.552492273315429706e-03
1.252724502213899083e+00
-2.522101719184259138e-03
1.206445926456889417e+00
-2.493861866843496717e-03
1.160671618925402715e+00
-2.467639543525423224e-03
1.115365284944418889e+00
-2.443315883496560790e-03
1.070492673163749853e+00
-2.420784761023486026e-03
1.026021345288852471e+00
-2.399951365400068270e-03
9.819204838409655300e-01
-2.380731059937665588e-03
9.381607123865088882e-01
-2.363048359493842218e-03
8.947139344907588665e-01
-2.346836059112005369e-03
8.515531874158140946e-01
-2.332034484377272857e-03
8.086525084623878978e-01
-2.318590847168067182e-03
7.659868121289621357e-01
-2.306458693263911501e-03
7.235317764885933478e-01
-2.295597430583205291e-03
6.812637373708398947e-01
-2.285971928763958026e-03
6.391595890903525312e-01
-2.277552182440438153e-03
5.971966905892298616e-01
-2.270313031970130901e-03
5.553527759615430881e-01
-2.264233936577624527e-03
5.136058684082301928e-01
-2.259298795946427987e-03
4.719341967315264785e-01
-2.255495817240400942e-03
4.303161135216662103e-01
-2.252817425403708627e-03
3.887300142162497529e-01
-2.251260215397962641e-03
3.471542562250259367e-01
-2.250824945811765072e-03
3.055670773101484272e-01
-2.251516574043901670e-03
2.639465123942390523e-01
-2.253344334039667895e-03
2.222703079349775956e-01
-2.256321858373282110e-03
1.805158329546434626e-01
-2.260467347343211864e-03
1.386599857441540296e-01
-2.265803788709238806e-03
9.667909562574214521e-02
-2.272359232645307370e-03
5.454881587200999249e-02
-2.280167128616715413e-03
1.224401324524354573e-02
-2.289266729848111939e-03
-3.026135637566834680e-02
-2.299703576545143822e-03
-7.299438121800411183e-02
-2.311530067624878795e-03
-1.159833403559710208e-01
-2.324806134991004927e-03
-1.592578657942508302e-01
-2.339600036816202704e-03
-2.028491225493919692e-01
-2.355989289983051634e-03
-2.467900098469039127e-01
-2.374061766296409366e-03
-2.911153871173870478e-01
-2.393916982609472360e-03
-3.358623291681719913e-01
-2.415667621902032290e-03
-3.810704157597990527e-01
-2.439441331004746708e-03
-4.267820618706825719e-01
-2.465382851595056095e-03
-4.730428962421084904e-01
-2.493656554986889255e-03
-5.199021974295544579e-01
-2.524449469019044313e-03
-5.674133986373645078e-01
-2.557974908260754986e-03
-6.156346752044321580e-01
-2.594476848491111213e-03
-6.646296319018600851e-01
-2.634235225297862359e-03
-7.144681114194381122e-01
-2.677572387903395194e-03
-7.652271508545797074e-01
-2.724861007470671080e-03
-8.169921200842433784e-01
-2.776533830543520976e-03
-8.698580851637038869e-01
-2.833095792042196904e-03
-9.239314521481312159e-01
-2.895139171534125144e-03
-9.793319630950428900e-01
-2.963362710604773576e-03
-1.036195138083181089e+00
-3.038595936650590260e-03
-1.094675287205475245e+00
-3.121830402311866030e-03
-1.154949258086350961e+00
-3.214260215756033299e-03
-1.217221142652837873e+00
-3.317335207143065536e-03
-1.281728249418356835e+00
-3.432831512167757327e-03
-1.348748766410609035e+00
-3.562946514611139287e-03
-1.418611713972575128e+00
-3.710428404460674144e-03
-1.491710046351089058e+00
-3.878755797717237108e-03
-1.568518156221058835e+00
-4.072391175200716640e-03
-1.649615651407488670e+00
-4.297145546604923261e-03
-1.735720254497634674e+00
-4.560714796991160135e-03
-1.827734286226530669e+00
-4.873488344454186133e-03
-1.926811919874653833e+00
-5.249803276850576253e-03
-2.034459178937917834e+00
-5.709953537245702170e-03
-2.152687402863786126e+00
-6.283532472329825085e-03
-2.284257704530553212e+00
-7.015246170078790616e-03
-2.433088070064993502e+00
-7.975575584082633326e-03
-2.604968974330100551e+00
-9.281639918642052567e-03
-2.808908934972681237e+00
-1.114146232078126568e-02
-3.059892545914510986e+00
-1.395818754882925325e-02
-3.385225691459426312e+00
-1.861239930673617288e-02
-3.841727431556080319e+00
-2.739688226344772284e-02
-4.575856952464981475e+00
-4.827704703397975305e-02
-6.164628979786641594e+00
-1.314975979445826282e-01
-1.827367409880785587e+01
-1.590140084603108406e+01
-1.214262740390177342e+00
-5.332324450861893439e+00
-1.160620972130329553e+00
-3.828256555108549453e+00
-1.170991734007996499e+00
-3.172986805448362979e+00
-1.194016138172184327e+00
-2.788767310195301441e+00
-1.221654402459478872e+00
-2.530792973222851572e+00
-1.251622521767692620e+00
-2.343407061176937312e+00
-1.283062242234916273e+00
-2.200083622890297352e+00
-1.315596157851676384e+00
-2.086381037330605981e+00
-1.349043292154431750e+00
-1.993684871767368749e+00
-1.383314764926506069e+00
-1.916501195633015131e+00
-1.418369526847689688e+00
-1.851142149798453707e+00
-1.454193675343698811e+00
-1.795029866390024376e+00
-1.490789973304709859e+00
-1.746302139609528847e+00
-1.528172219464293269e+00
-1.703576604207752032e+00
-1.566362092328345224e+00
-1.665803287091240481e+00
-1.605387333494143975e+00
-1.632168913639135077e+00
-1.645280695883075461e+00
-1.602032803447792642e+00
-1.686079351059194487e+00
-1.574882739920358432e+00
-1.727824586016460495e+00
-1.550303860227521868e+00
-1.770561692499747153e+00
-1.527956261988650200e+00
-1.814339992035028271e+00
-1.507558583750999270e+00
-1.859212963115925987e+00
-1.488875766077800034e+00
-1.905238451369642316e+00
-1.471709792678956630e+00
-1.952478951900296966e+00
-1.455892592282770126e+00
-2.001001959183385637e+00
-1.441280530996274623e+00
-2.050880384190843397e+00
-1.427750091364559992e+00
-2.102193040895369958e+00
-1.415194448356605017e+00
-2.155025207345293570e+00
-1.403520731244538799e+00
-2.209469270533293006e+00
-1.392647814968147379e+00
-2.265625461616554759e+00
-1.382504527137437433e+00
-2.323602699619179202e+00
-1.373028178387674325e+00
-2.383519553540785374e+00
-1.364163352081804170e+00
-2.445505347589450373e+00
-1.355860905957590568e+00
-2.509701426673780045e+00
-1.348077134823368439e+00
-2.576262620058783703e+00
-1.340773075035599060e+00
-2.645358924302199100e+00
-1.333913921459899399e+00
-2.717177458373747800e+00
-1.327468532479882279e+00
-2.791924744590283503e+00
-1.321409020150085656e+00
-2.869829360157613696e+00
-1.315710403199260581e+00
-2.951145070230644762e+00
-1.310350312834270836e+00
-3.036154502554193169e+00
-1.305308754516192105e+00
-3.125173522797540571e+00
-1.300567916439102634e+00
-3.218556439390806378e+00
-1.296112002086824200e+00
-3.316702257446377367e+00
-1.291927127042003187e+00
-3.420062221291512383e+00
-1.288001224713864801e+00
-3.529148980913392020e+00
-1.284324026488407933e+00
-3.644547823641408613e+00
-1.280887051010165534e+00
-3.766930520555503481e+00
-1.277683662006427134e+00
-3.897072595562424357e+00
-1.274709194340349239e+00
-4.035874977306170841e+00
-1.271961135154275446e+00
-4.184391531402982700e+00
-1.269439417586450514e+00
-4.343864358153961547e+00
-1.267146838373992557e+00
-4.515769700558305288e+00
-1.265089692881573580e+00
-4.701878353689057377e+00
-1.263278621203989260e+00
-4.904336468388283521e+00
-1.261729884735393048e+00
-5.125775360582785822e+00
-1.260467206683042019e+00
-5.369463572389288508e+00
-1.259524474825754581e+00
-5.639521986280763066e+00
-1.258949919657783578e+00
-5.941235470683095876e+00
-1.258812491543312762e+00
-6.281517126155466535e+00
-1.259212207816758466e+00
-6.669622367578225131e+00
-1.260297348772627224e+00
-7.118289818767177479e+00
-1.262294401988981019e+00
-7.645648542497334610e+00
-1.265563125718172754e+00
-8.278587638788360792e+00
-1.270704606025659045e+00
-9.059134761040430917e+00
-1.278791565829517696e+00
-1.005765334676284262e+01
-1.291914547509798394e+00
-1.140361670304026198e+01
-1.314678887415184905e+00
-1.337078221756929430e+01
-1.359266047655256049e+00
-1.668696114476484738e+01
-1.469542389978675034e+00
-2.449198380887652604e+01
-1.962908018086543471e+00
-4.448768952896396911e+01
-6.873155184889989755e+01
-9.610262440735480860e-01
-2.409264868116214231e+01
-6.330162764990393542e-01
-1.798405445633414601e+01
-5.510486969258634460e-01
-1.526006508957205732e+01
-5.192574492288453136e-01
-1.366178101677599699e+01
-5.050053836301433563e-01
-1.260004772245955174e+01
-4.986588291220881985e-01
-1.184423095231695733e+01
-4.964549780058107875e-01
-1.128338079402973904e+01
-4.966474992232828845e-01
-1.085691439980408646e+01
-4.983230676142454407e-01
-1.052882888740663425e+01
-5.009589683181457920e-01
-1.027645262828346695e+01
-5.042331352162332525e-01
-1.008496188926597092e+01
-5.079335113388067091e-01
-9.944485461187230868e+00
-5.119108625877271113e-01
-9.848489172283017012e+00
-5.160521208172547114e-01
-9.792848663897364858e+00
-5.202638620314854467e-01
-9.775325126332528924e+00
-5.244606536633638072e-01
-9.795303585833179838e+00
-5.285203258225275036e-01
-9.853769963873698856e+00
-5.324498989807221472e-01
-9.953222951052731915e+00
-5.360190826287407617e-01
-1.009842944850932156e+01
-5.390954553235776103e-01
-1.029664578220294935e+01
-5.414330355340402079e-01
-1.055894407810353641e+01
-5.426478654939963508e-01
-1.090216108628215252e+01
-5.420967994339024321e-01
-1.135255082994297560e+01
-5.386115893863258064e-01
-1.195296163558816893e+01
-5.298407234807156474e-01
-1.277831356139112629e+01
-5.103157086348432125e-01
-1.397366840953601042e+01
-4.644397136046805041e-01
-1.586775325713946927e+01
-3.266432783676471718e-01
-1.944208164390795091e+01
6.232891469470567269e-01
-3.034377569532780683e+01
3.216594624740694286e+01
-3.971176087007949995e+00
1.705493007222188595e+01
-2.227560112684731308e+00
1.272955163503693576e+01
-2.030237485175089507e+00
1.045049616449381524e+01
-1.959826322810282351e+00
8.981587789264276367e+00
-1.923463643850968907e+00
7.931102277114524313e+00
-1.900675455080600873e+00
7.130310789983932196e+00
-1.884596055992989738e+00
6.492862310959276684e+00
-1.872327549520420575e+00
5.969312692364466599e+00
-1.862450105228194097e+00
5.529007829427822429e+00
-1.854190273541589162e+00
5.151779227388192162e+00
-1.847091580459576443e+00
4.823730004202203325e+00
-1.840867046968435838e+00
4.534924151878811038e+00
-1.835326717260530538e+00
4.278039385225548052e+00
-1.830339331921727597e+00
4.047541710330743392e+00
-1.825810812909707481e+00
3.839158375597648387e+00
-1.821671572343303458e+00
3.649529439711967527e+00
-1.817868705562215137e+00
3.475970473440391562e+00
-1.814361012394109407e+00
3.316306738391257447e+00
-1.811115720732353829e+00
3.168754679048972012e+00
-1.808106269866499805e+00
3.031835533291161511e+00
-1.805310773390548906e+00
2.904311238132746720e+00
-1.802710929521864625e+00
2.785136122270983172e+00
-1.800291233001910518e+00
2.673419977742489628e+00
-1.798038394647943683e+00
2.568399466357631500e+00
-1.795940906666094961e+00
2.469415720517082136e+00
-1.793988712100944571e+00
2.375896609065513587e+00
-1.792172949897997691e+00
2.287342559239466055e+00
-1.790485755692062142e+00
2.203315119686186652e+00
-1.788920104238876485e+00
2.123427658080766278e+00
-1.787469683367610473e+00
2.047337736863284796e+00
-1.786128792080096117e+00
1.974740819860075547e+00
-1.784892257358453138e+00
1.905365043049817464e+00
-1.783755365617504474e+00
1.838966842681735825e+00
-1.782713805738687540e+00
1.775327279065285646e+00
-1.781763621346546644e+00
1.714248928597880361e+00
-1.780901170526347777e+00
1.655553242849929330e+00
-1.780123091582962891e+00
1.599078293792277616e+00
-1.779426273743240250e+00
1.544676840039593824e+00
-1.778807831933007400e+00
1.492214661358001404e+00
-1.778265084936594187e+00
1.441569118459054888e+00
-1.777795536383113717e+00
1.392627902869781886e+00
-1.777396858109822952e+00
1.345287947880279500e+00
-1.777066875536376322e+00
1.299454476566316741e+00
-1.776803554750024938e+00
1.255040166925839973e+00
-1.776604991054009597e+00
1.211964417454264975e+00
-1.776469398774291886e+00
1.170152699168074406e+00
-1.776395102152810157e+00
1.129535982291359097e+00
-1.776380527184100444e+00
1.090050227638423186e+00
-1.776424194273790169e+00
1.051635934231290204e+00
-1.776524711616726648e+00
1.014237735945527019e+00
-1.776680769206115951e+00
9.778040410217401224e-01
-1.776891133405453349e+00
9.422867091625147795e-01
-1.777154642000817075e+00
9.076407616644951437e-01
-1.777470199708798937e+00
8.738241206685929408e-01
-1.777836774060235436e+00
8.407973741342521512e-01
-1.778253391644397219e+00
8.085235635731388149e-01
-1.778719134638455213e+00
7.769679920399311657e-01
-1.779233137676428544e+00
7.460980500460543396e-01
-1.779794584897061327e+00
7.158830575395425111e-01
-1.780402707271189433e+00
6.862941201788335110e-01
-1.781056780118347893e+00
6.573039984151565207e-01
-1.781756120812099553e+00
6.288869880547000024e-01
-1.782500086656135130e+00
6.010188111313861103e-01
-1.783288072914372968e+00
5.736765160556832610e-01
-1.784119510985160861e+00
5.468383861200507567e-01
-1.784993866699760012e+00
5.204838555592503635e-01
-1.785910638747385315e+00
4.945934324212353239e-01
-1.786869357198694663e+00
4.691486276256203736e-01
-1.787869582136335289e+00
4.441318896179734521e-01
-1.788910902370935307e+00
4.195265441194753198e-01
-1.789992934249796441e+00
3.953167384949781704e-01
-1.791115320533023691e+00
3.714873903435765845e-01
-1.792277729341978931e+00
3.480241399222304688e-01
-1.793479853187521122e+00
3.249133060890825320e-01
-1.794721408030024001e+00
3.021418454440428780e-01
-1.796002132426063103e+00
2.796973144105755482e-01
-1.797321786704102253e+00
2.575678340057785398e-01
-1.798680152194868764e+00
2.357420570788866243e-01
-1.800077030502860165e+00
2.142091378160607684e-01
-1.801512242815866527e+00
1.929587033295030452e-01
-1.802985629249190147e+00
1.719808271645323350e-01
-1.804497048220541355e+00
1.512660045738218884e-01
-1.806046375852319308e+00
1.308051294220935468e-01
-1.807633505396672113e+00
1.105894725947071944e-01
-1.809258346680705065e+00
9.061066179707244483e-02
-1.810920825566566750e+00
7.086066264011059435e-02
-1.812620883423411211e+00
5.133176091583813161e-02
-1.814358476605260062e+00
3.201654597621350629e-02
-1.816133575931186739e+00
1.290789513472734296e-02
-1.817946166161088728e+00
-6.001040982674954449e-03
-1.819796245461338113e+00
-2.471685220492636503e-02
-1.821683824852789124e+00
-4.324588176361943148e-02
-1.823608927632363930e+00
-6.159423847795586493e-02
-1.825571588759806518e+00
-7.976780823027007639e-02
-1.827571854195013668e+00
-9.777226478020917266e-02
-1.829609780174776823e+00
-1.156130799623323879e-01
-1.831685432409766889e+00
-1.332955333089627104e-01
-1.833798885181583627e+00
-1.508247211365172369e-01
-1.835950220314021886e+00
-1.682055651308113076e-01
-1.838139525986367095e+00
-1.854428204647422529e-01
-1.840366895348693577e+00
-2.025410834787269021e-01
-1.842632424888583031e+00
-2.195047989532974420e-01
-1.844936212485092986e+00
-2.363382669997755592e-01
-1.847278355066843236e+00
-2.530456495967458030e-01
-1.849658945769017127e+00
-2.696309767934553792e-01
-1.852078070448170299e+00
-2.860981526066017633e-01
-1.854535803372907798e+00
-3.024509606313782184e-01
-1.857032201845910890e+00
-3.186930693910839940e-01
-1.859567299428589449e+00
-3.348280374479674082e-01
-1.862141097321847516e+00
-3.508593183022556961e-01
-1.864753553286353283e+00
-3.667902651084703480e-01
-1.867404567241639723e+00
-3.826241352395829409e-01
-1.870093962326042636e+00
-3.983640947575157742e-01
-1.872821459653046583e+00
-4.140132228382235047e-01
-1.875586644192327235e+00
-4.295745162438311393e-01
-1.878388917921575363e+00
-4.450508939911694828e-01
-1.881227434354073136e+00
-4.604452024261789234e-01
-1.884101005237384996e+00
-4.757602210798090869e-01
-1.887007964614987321e+00
-4.909986699508097630e-01
-1.889945965726654631e+00
-5.061632193953500281e-01
-1.892911668692284444e+00
-5.212565048794322031e-01
-1.895900243957031384e+00
-5.362811511508205342e-01
-1.898904551363927107e+00
-5.512398156146777195e-01
-1.901913718594886227e+00
-5.661352735168629913e-01
-1.904910538241631590e+00
-5.809706019283541467e-01
-1.907866364204735765e+00
-5.957496223629736853e-01
-1.910730210982758859e+00
-6.104781116205966196e-01
-1.913402790759235250e+00
-6.251676412150731776e-01
-1.915665548140839336e+00
-6.398479848757359090e-01
-1.916959811614016740e+00
-6.542479869944641813e-01
-1.916773047978552968e+00
-7.105502135070430603e-01
-2.063278184278434679e+00
-6.839749648497153167e-01
-1.951142269131517004e+00
-6.978181949129957928e-01
-1.946957038745027235e+00
-7.120731496559367102e-01
-1.948031658414619782e+00
-7.263590146480835008e-01
-1.950514705965906259e+00
-7.406263813089661863e-01
-1.953598403373927317e+00
-7.548641488369703945e-01
-1.957011372692773810e+00
-7.690696268477666964e-01
-1.960637582878166807e+00
-7.832426756645862742e-01
-1.964419501473783525e+00
-7.973840952780028024e-01
-1.968325629457804649e+00
-8.114950767509465646e-01
-1.972337492446853746e+00
-8.255769854459865664e-01
-1.976443727112555448e+00
-8.396312655125449664e-01
-1.980637126540095716e+00
-8.536593942380488187e-01
-1.984913051151414365e+00
-8.676628588388572982e-01
-1.989268522083514235e+00
-8.816431441874407193e-01
-1.993701678223933627e+00
-8.956017261274075159e-01
-1.998211437687999803e+00
-9.095400678407936645e-01
-2.002797279437267264e+00
-9.234596179276780559e-01
-2.007459098283067345e+00
-9.373618094924545119e-01
-2.012197106207764374e+00
-9.512480598254900999e-01
-2.017011763804200442e+00
-9.651197704589337123e-01
-2.021903731786649505e+00
-9.789783274500993837e-01
-2.026873836206974921e+00
-9.928251018103192438e-01
-2.031923043220477343e+00
-1.006661450024217697e+00
-2.037052440636112127e+00
-1.020488714627367344e+00
-2.042263224371953179e+00
-1.034308224814559196e+00
-2.047556688522457868e+00
-1.048121297071912927e+00
-2.052934218122344223e+00
-1.061929235815838535e+00
-2.058397283962513757e+00
-1.075733334036727662e+00
-2.063947438986340810e+00
-1.089534873940895210e+00
-2.069586315931055243e+00
-1.103335127588867648e+00
-2.075315625958285892e+00
-1.117135357527772266e+00
-2.081137158091070471e+00
-1.130936817416833717e+00
-2.087052779318018469e+00
-1.144740752645030391e+00
-2.093064435261834166e+00
-1.158548400940815792e+00
-2.099174151336765437e+00
-1.172360992973134453e+00
-2.105384034342386190e+00
-1.186179752943591348e+00
-2.111696274466523526e+00
-1.200005899166300072e+00
-2.118113147714577593e+00
-1.213840644622822706e+00
-2.124637018928190457e+00
-1.227685197409060791e+00
-2.131270346304437791e+00
-1.241540760168197144e+00
-2.138015694790419197e+00
-1.255408486190151329e+00
-2.144875939173557011e+00
-1.269289903089263927e+00
-2.151853680005175296e+00
-1.283185523440279807e+00
-2.158950664086852100e+00
-1.297097109680151572e+00
-2.166171465000346963e+00
-1.311025688210767370e+00
-2.173518596449707907e+00
-1.324972447295799105e+00
-2.180995237620733995e+00
-1.338938577028739640e+00
-2.188604712646498029e+00
-1.352925267909842688e+00
-2.196350480499896118e+00
-1.366933711190883916e+00
-2.204236139111315218e+00
-1.380965099368323790e+00
-2.212265431574996555e+00
-1.395020626699234434e+00
-2.220442253140186839e+00
-1.409101489721968026e+00
-2.228770658768353563e+00
-1.423208887777880349e+00
-2.237254871226538100e+00
-1.437344023533566162e+00
-2.245899289732513626e+00
-1.451508103503666103e+00
-2.254708499183713855e+00
-1.465702338575052277e+00
-2.263687280008706892e+00
-1.479927944530859074e+00
-2.272840618688813485e+00
-1.494186142578185716e+00
-2.282173718995334610e+00
-1.508478159876198266e+00
-2.291692014001885713e+00
-1.522805230067262539e+00
-2.301401178928979885e+00
-1.537168593810757988e+00
-2.311307144887559062e+00
-1.551569499319890966e+00
-2.321416113592796204e+00
-1.566009202902004294e+00
-2.331734573125953780e+00
-1.580488969504759922e+00
-2.342269314830999427e+00
-1.595010073252809413e+00
-2.353027451429054562e+00
-1.609573798022903013e+00
-2.364016436478277416e+00
-1.624181437978093889e+00
-2.375244085243028103e+00
-1.638834298140753765e+00
-2.386718597136281872e+00
-1.653533694957674216e+00
-2.398448579832613614e+00
-1.668280956872249421e+00
-2.410443075202103103e+00
-1.683077424902988728e+00
-2.422711587205209849e+00
-1.697924453228105035e+00
-2.435264111904982709e+00
-1.712823409777077366e+00
-2.448111169757407168e+00
-1.727775676829677476e+00
-2.461263840344080300e+00
-1.742782651623890455e+00
-2.474733799712340865e+00
-1.757845746973994761e+00
-2.488533360477139134e+00
-1.772966391901433347e+00
-2.502675514821153691e+00
-1.788146032281836773e+00
-2.517173980487904306e+00
-1.803386131513692092e+00
-2.532043249795521422e+00
-1.818688171218180605e+00
-2.547298641580625134e+00
-1.834053651976821797e+00
-2.562956355806418340e+00
-1.849484094141961688e+00
-2.579033530240308458e+00
-1.864981038729984331e+00
-2.595548298162295708e+00
-1.880546048467485853e+00
-2.612519845236495719e+00
-1.896180709062900593e+00
-2.629968462419716158e+00
-1.911886630844335411e+00
-2.647915589629930455e+00
-1.927665451000698305e+00
-2.666383841273004762e+00
-1.943518836838177721e+00
-2.685396998419859571e+00
-1.959448490806550813e+00
-2.704979941145604805e+00
-1.975456158708681187e+00
-2.725158473638820578e+00
-1.991543643873119329e+00
-2.745958954413346920e+00
-2.007712833010574460e+00
-2.767407562764279572e+00
-2.023965746139481325e+00
-2.789528860680058564e+00
-2.040304638665461301e+00
-2.812342926935666121e+00
-2.056732220056684657e+00
-2.835859461759651090e+00
-2.073252109095750306e+00
-2.860065388618285631e+00
-2.089869186504775378e+00
-2.884902018852718353e+00
-2.106573618978744289e+00
-2.910314349314493398e+00
-2.121833255778331928e+00
-2.941714947783212519e+00
-2.167962271710608402e+00
-3.072009980895038961e+00
-2.157807568378338647e+00
-3.014396423459221097e+00
-2.174408788633871659e+00
-3.038755070515898993e+00
-2.191494369431374434e+00
-3.068819981783859063e+00
-2.208744777022460415e+00
-3.101425779642910108e+00
-2.226118357482603116e+00
-3.135991310231197815e+00
-2.243606063224860669e+00
-3.172402187891569358e+00
-2.261205991346588284e+00
-3.210688037374805681e+00
-2.278918379364418101e+00
-3.250942161542568876e+00
-2.296744219780847196e+00
-3.293296323072674614e+00
-2.314684773779919880e+00
-3.337912433715484184e+00
-2.332741360419464449e+00
-3.384980749169930636e+00
-2.350915240868375111e+00
-3.434721196019920875e+00
-2.369207535073501347e+00
-3.487386651268614468e+00
-2.387619144806009785e+00
-3.543267813998056237e+00
-2.406150669329007119e+00
-3.602699683005306852e+00
-2.424802303684221894e+00
-3.666069880717095053e+00
-2.443573709643295899e+00
-3.733829255305958217e+00
-2.462463847153970598e+00
-3.806505405915817875e+00
-2.481470749747093585e+00
-3.884720052356923858e+00
-2.500591220233445267e+00
-3.969211557758841380e+00
-2.519820411697281770e+00
-4.060864477347149837e+00
-2.539151240731293058e+00
-4.160748853587520557e+00
-2.558573550498942417e+00
-4.270173280348005029e+00
-2.578072892296550123e+00
-4.390757811663577037e+00
-2.597628710394339180e+00
-4.524536114836771539e+00
-2.617211566195879247e+00
-4.674101813446768894e+00
-2.636778763858977914e+00
-4.842823535769443133e+00
-2.656267212771781683e+00
-5.035170348045577171e+00
-2.675581296853158708e+00
-5.257221441403268081e+00
-2.694571234261751158e+00
-5.517497552716491782e+00
-2.712992145400217936e+00
-5.828385385918762651e+00
-2.730420830993979031e+00
-6.208729767141281997e+00
-2.746070333138075803e+00
-6.688924431241074942e+00
-2.758323818045437470e+00
-7.321958087670497051e+00
-2.763350140246373599e+00
-8.210899996302087445e+00
-2.749821044776335377e+00
-9.592655868866330593e+00
-2.667740093772152932e+00
-1.219737719451884139e+01
-1.857170676522226449e+00
-2.071693158287597214e+01
1.666870027622643846e+01
-1.639224913177720344e+00
8.488958395380121758e+00
-8.499478940739868538e-01
5.895954601643379256e+00
-7.458406842352243160e-01
4.496740868005753455e+00
-7.107601421729266011e-01
3.583127479350720179e+00
-6.949016587507578224e-01
2.922854212398023233e+00
-6.867598717651203222e-01
2.414285413121710633e+00
-6.824000845699801365e-01
2.004968083619993013e+00
-6.801477897837614472e-01
1.664729047566804176e+00
-6.791816816640118271e-01
1.374816179221168388e+00
-6.790564557447961169e-01
1.122878230946560585e+00
-6.795119389883325089e-01
9.004024496978408898e-01
-6.803870665888227531e-01
7.013037792155785155e-01
-6.815774380538505151e-01
5.211000409107322540e-01
-6.830128111672754132e-01
3.564055879848608832e-01
-6.846444594143964446e-01
2.046076047989293656e-01
-6.864377105829325698e-01
6.365194697090448273e-02
-6.883673770408580417e-01
-6.810274450489339770e-02
-6.904148384370717428e-01
-1.919869942460366019e-01
-6.925661410875348922e-01
-3.090933369913508866e-01
-6.948107127815514872e-01
-4.203294120223135533e-01
-6.971404834124116379e-01
-5.264573258201208361e-01
-6.995492642740700484e-01
-6.281233250424662629e-01
-7.020323073372995992e-01
-7.258804714693756210e-01
-7.045859823391296128e-01
-8.202061964622622270e-01
-7.072075422260454269e-01
-9.115160720115667026e-01
-7.098949423622933352e-01
-1.000174714387360275e+00
-7.126467102310056756e-01
-1.086504527732554237e+00
-7.154618447201889220e-01
-1.170792773064262882e+00
-7.183397344766832004e-01
-1.253297353332712305e+00
-7.212801017759676858e-01
-1.334251577300533231e+00
-7.242829522909720597e-01
-1.413868132716407544e+00
-7.273485416942000459e-01
-1.492342431148580673e+00
-7.304773436265482589e-01
-1.569855446396398513e+00
-7.336700329450287494e-01
-1.646576158715866267e+00
-7.369274651347529348e-01
-1.722663679271919435e+00
-7.402506643595061497e-01
-1.798269119945152816e+00
-7.436408171864989924e-01
-1.873537270264218790e+00
-7.470992634671763666e-01
-1.948608114964672566e+00
-7.506274945230128059e-01
-2.023618242873244100e+00
-7.542271511951537111e-01
-2.098702167754630032e+00
-7.579000261622056422e-01
-2.173993604193882767e+00
-7.616480655423178980e-01
-2.249626716296053708e+00
-7.654733756626554975e-01
-2.325737371156722855e+00
-7.693782275273451932e-01
-2.402464424132640275e+00
-7.733650683788956259e-01
-2.479951061249895172e+00
-7.774365324600903682e-01
-2.558346233871221287e+00
-7.815954544223036038e-01
-2.637806212891563806e+00
-7.858448874865824330e-01
-2.718496307141428758e+00
-7.901881226794853497e-01
-2.800592788082393092e+00
-7.946287149571704678e-01
-2.884285075534923859e+00
-7.991705109953609609e-01
-2.969778250234452521e+00
-8.038176860680995572e-01
-3.057295974554617324e+00
-8.085747855576256304e-01
-3.147083922144656931e+00
-8.134467769425807182e-01
-3.239413845397835168e+00
-8.184391135680039175e-01
-3.334588442038057376e+00
-8.235578113392609811e-01
-3.432947233610405657e+00
-8.288095457092816698e-01
-3.534873728030791362e+00
-8.342017717164285084e-01
-3.640804229839778028e+00
-8.397428760822187588e-01
-3.751238779653987887e+00
-8.454423719208489230e-01
-3.866754873819598703e+00
-8.513111496100723707e-01
-3.988024853659210223e+00
-8.573618056158099909e-01
-4.115838199010962484e+00
-8.636090788031973720e-01
-4.251130461094428270e+00
-8.700704374613406067e-01
-4.395021319945588978e+00
-8.767668835048154641e-01
-4.548865388074021965e+00
-8.837240722413092220e-01
-4.714321145910717270e+00
-8.909739037350790092e-01
-4.893446203853169862e+00
-8.985568338148016698e-01
-5.088831675419847045e+00
-9.065253130052161046e-01
-5.303796189763768432e+00
-9.149490478754530587e-01
-5.542673599185405031e+00
-9.239233083899897059e-01
-5.811253045954922314e+00
-9.335825328727062056e-01
-6.117476979348577260e+00
-9.441235821502783621e-01
-6.472597303968573357e+00
-9.558475639215149311e-01
-6.893193615077835013e+00
-9.692398545695193324e-01
-7.404933699289561133e+00
-9.851354404149950117e-01
-8.050189394186839209e+00
-1.005095957150592856e+00
-8.905269298652978449e+00
-1.032390776179554548e+00
-1.012601039313176621e+01
-1.075077559699720853e+00
-1.210145477928506352e+01
-1.159016022826968362e+00
-1.627123715984946273e+01
-1.426782649036969719e+00
-2.706486539121008761e+01
-1.394597808216395229e+01
-1.525174901237604574e+00
-1.917847102806887705e+01
-1.145606502669209270e+00
-1.315813072412046658e+01
-1.098708432134152257e+00
-1.076632411576200354e+01
-1.104114385917004393e+00
-9.393632192212280074e+00
-1.126324558833930789e+00
-8.476706062153592569e+00
-1.155787031077906590e+00
-7.810254231845958017e+00
-1.188944217549799065e+00
-7.299045403001417576e+00
