4.991513786128763286e+00
0.000000000000000000e+00
4.976102516446795576e+00
-8.881784197001252323e-16
4.991747148269353396e+00
2.220446049250313081e-16
4.992721363292779380e+00
6.661338147750939243e-16
6.769789692796129188e+00
1.776356839400250465e-15
6.980111137617011963e+00
-6.661338147750939243e-16
6.983707093726057913e+00
0.000000000000000000e+00
6.985141351736315229e+00
6.661338147750939243e-16
6.985965550431760818e+00
2.220446049250313081e-16
6.986518016748027193e+00
-1.554312234475219157e-15
6.986921649082002972e+00
4.440892098500626162e-16
6.987233285409259587e+00
-2.220446049250313081e-16
6.987483310571444228e+00
-4.440892098500626162e-16
6.987689634379686154e+00
4.440892098500626162e-16
6.987863586708392916e+00
-4.440892098500626162e-16
6.988012730418409646e+00
4.440892098500626162e-16
6.988142331883047120e+00
8.881784197001252323e-16
6.988256185926694286e+00
0.000000000000000000e+00
6.988357105395843760e+00
-4.440892098500626162e-16
6.988447225391211326e+00
-8.881784197001252323e-16
6.988528199727803703e+00
0.000000000000000000e+00
6.988601331997401189e+00
-4.440892098500626162e-16
6.988667665477798607e+00
4.440892098500626162e-16
6.988728046305336505e+00
0.000000000000000000e+00
6.988783168691474756e+00
4.440892098500626162e-16
6.988833606663956921e+00
-8.881784197001252323e-16
6.988879790803343539e+00
4.440892098500626162e-16
6.988883387239749112e+00
1.332267629550187849e-15
6.988961283640843902e+00
0.000000000000000000e+00
6.988997154516146892e+00
-4.440892098500626162e-16
6.989030115770093587e+00
4.440892098500626162e-16
6.989060403461365034e+00
4.440892098500626162e-16
6.989088211575023912e+00
-8.881784197001252323e-16
6.989113709099689764e+00
0.000000000000000000e+00
6.989137044342426108e+00
0.000000000000000000e+00
6.989158347992651343e+00
0.000000000000000000e+00
6.989177735589688467e+00
4.440892098500626162e-16
6.989195309560340519e+00
-4.440892098500626162e-16
6.989211160918733512e+00
8.881784197001252323e-16
6.989225370695061557e+00
-4.440892098500626162e-16
6.989238011143813267e+00
1.332267629550187849e-15
6.989249146768988119e+00
-4.440892098500626162e-16
6.989258835184111618e+00
-8.881784197001252323e-16
6.989267127762563092e+00
-4.440892098500626162e-16
6.989274069721643556e+00
-4.440892098500626162e-16
6.989279697105827083e+00
8.881784197001252323e-16
6.989284004015487994e+00
-4.440892098500626162e-16
6.989286134952790164e+00
-8.881784197001252323e-16
6.970864649638993882e+00
4.440892098500626162e-16
6.989287047670412534e+00
-4.440892098500626162e-16
6.989288857231088059e+00
4.440892098500626162e-16
6.989287432556382740e+00
0.000000000000000000e+00
6.989284743885457729e+00
4.440892098500626162e-16
6.989280905413149725e+00
-4.440892098500626162e-16
6.989275947406669687e+00
4.440892098500626162e-16
6.989269885396860893e+00
-4.440892098500626162e-16
6.989262729966627674e+00
0.000000000000000000e+00
6.989254489490457800e+00
-8.881784197001252323e-16
6.989245171662290090e+00
-4.440892098500626162e-16
6.989234785144218698e+00
0.000000000000000000e+00
6.989223342138593864e+00
0.000000000000000000e+00
6.989210863092704784e+00
0.000000000000000000e+00
6.989197386124489597e+00
4.440892098500626162e-16
6.989182987494022115e+00
0.000000000000000000e+00
6.989167830300735851e+00
-4.440892098500626162e-16
6.989152294259736387e+00
8.881784197001252323e-16
6.989137377862039813e+00
4.440892098500626162e-16
6.989126242106761921e+00
4.440892098500626162e-16
6.989132504172994587e+00
-8.881784197001252323e-16
6.989265258189705676e+00
0.000000000000000000e+00
7.002599877299797271e+00
-4.440892098500626162e-16
7.972321916181056345e+00
0.000000000000000000e+00
7.978158692952203701e+00
1.332267629550187849e-15
7.980312973347893468e+00
-4.440892098500626162e-16
7.981513496749244041e+00
1.776356839400250465e-15
7.982298692223825043e+00
-4.440892098500626162e-16
7.982858104268080623e+00
4.440892098500626162e-16
7.983277186996365238e+00
4.440892098500626162e-16
7.983597582542564908e+00
4.440892098500626162e-16
7.983821124556495619e+00
1.332267629550187849e-15
7.983547931919471097e+00
4.440892098500626162e-16
6.999072487852970426e+00
0.000000000000000000e+00
7.278291808450579659e+00
0.000000000000000000e+00
7.984168056881765452e+00
0.000000000000000000e+00
7.984534210673120747e+00
4.440892098500626162e-16
7.984659656723891885e+00
0.000000000000000000e+00
7.984742876507944231e+00
-8.881784197001252323e-16
7.984805384094279646e+00
-4.440892098500626162e-16
7.984853141121659448e+00
0.000000000000000000e+00
7.984888813384172224e+00
8.881784197001252323e-16
7.984913947107406429e+00
-4.440892098500626162e-16
7.984929567858947586e+00
-4.440892098500626162e-16
7.984936400690330061e+00
1.332267629550187849e-15
7.984934969804525551e+00
8.881784197001252323e-16
7.984925650978732747e+00
0.000000000000000000e+00
7.984908702075868447e+00
0.000000000000000000e+00
7.984884281864379929e+00
-4.440892098500626162e-16
7.984852461796783984e+00
-4.440892098500626162e-16
7.984813233059610660e+00
-4.440892098500626162e-16
7.984766510098285863e+00
4.440892098500626162e-16
7.984712131185274231e+00
-4.440892098500626162e-16
7.984649855724173406e+00
-4.440892098500626162e-16
7.984579343029849063e+00
1.332267629550187849e-15
7.983797556384050864e+00
4.440892098500626162e-16
7.984411951571428467e+00
8.881784197001252323e-16
7.984313961746036803e+00
8.881784197001252323e-16
7.984205417032572250e+00
4.440892098500626162e-16
7.984085433420264444e+00
1.776356839400250465e-15
7.983952908399984949e+00
8.881784197001252323e-16
7.983806504793783176e+00
8.881784197001252323e-16
7.983644590708180111e+00
4.440892098500626162e-16
7.983465150265660171e+00
-4.440892098500626162e-16
7.983265639800606550e+00
4.440892098500626162e-16
7.983042713728682571e+00
4.440892098500626162e-16
7.982791534353823160e+00
-4.440892098500626162e-16
7.982503189232754259e+00
-4.440892098500626162e-16
7.982148232073055460e+00
-4.440892098500626162e-16
7.981411718853433257e+00
4.440892098500626162e-16
6.294829815534054518e+00
0.000000000000000000e+00
7.919372494346768931e+00
0.000000000000000000e+00
7.979788016944228346e+00
1.332267629550187849e-15
7.979343263965478883e+00
0.000000000000000000e+00
7.978435169655154979e+00
-1.332267629550187849e-15
7.977137374583046281e+00
-8.881784197001252323e-16
7.975218811737598834e+00
0.000000000000000000e+00
7.971864634089296686e+00
-1.332267629550187849e-15
7.962795700038608260e+00
0.000000000000000000e+00
6.939667921345155754e+00
-8.881784197001252323e-16
6.964894978503473055e+00
4.440892098500626162e-16
6.974516410426693014e+00
-4.440892098500626162e-16
6.977263672125433303e+00
0.000000000000000000e+00
6.978690831404632533e+00
-1.332267629550187849e-15
6.979480875642652293e+00
4.440892098500626162e-16
6.979933813223739847e+00
-4.440892098500626162e-16
6.980155289596126522e+00
-4.440892098500626162e-16
6.980194231810086691e+00
-4.440892098500626162e-16
6.980103205946480927e+00
4.440892098500626162e-16
6.980513652958379112e+00
-4.440892098500626162e-16
8.882820659719236289e+00
-4.440892098500626162e-16
8.949923916695389892e+00
-4.440892098500626162e-16
8.954537664595196844e+00
-2.220446049250313081e-15
8.947443358994233265e+00
2.220446049250313081e-15
6.982577973650300862e+00
-2.886579864025407005e-15
6.976954560802395733e+00
4.440892098500626162e-16
6.977804168482821368e+00
1.110223024625156540e-15
6.978667797304325404e+00
0.000000000000000000e+00
6.979410873475321075e+00
0.000000000000000000e+00
6.980045227017446230e+00
6.661338147750939243e-16
6.980591588381594548e+00
-4.440892098500626162e-16
6.981067196536027808e+00
1.110223024625156540e-15
6.981485270884880023e+00
2.220446049250313081e-16
6.981855879020265832e+00
2.220446049250313081e-16
6.982186766461035532e+00
-4.440892098500626162e-16
6.982483979342064551e+00
0.000000000000000000e+00
6.982752311232742315e+00
-4.440892098500626162e-16
6.982995626103136289e+00
1.110223024625156540e-15
6.983217103375988444e+00
4.440892098500626162e-16
6.983419451437727687e+00
2.220446049250313081e-16
6.983605144743400217e+00
-4.440892098500626162e-16
6.983775449328994078e+00
-4.440892098500626162e-16
6.980584095487506247e+00
0.000000000000000000e+00
6.984021381134837725e+00
4.440892098500626162e-16
6.984182212099149467e+00
-2.220446049250313081e-16
6.984304104742761865e+00
0.000000000000000000e+00
6.984413486623990863e+00
8.881784197001252323e-16
6.984512381865076946e+00
-2.220446049250313081e-16
6.984598790155994052e+00
2.220446049250313081e-16
6.968523355236584393e+00
2.220446049250313081e-16
6.984753331823700506e+00
0.000000000000000000e+00
6.984818738981447339e+00
1.110223024625156540e-15
6.984877035424144509e+00
4.440892098500626162e-16
6.984926249796846065e+00
6.661338147750939243e-16
6.984967964959283293e+00
4.440892098500626162e-16
6.985002281957610748e+00
0.000000000000000000e+00
6.985029219504864884e+00
0.000000000000000000e+00
6.985048733350431860e+00
2.220446049250313081e-16
6.985060717288388510e+00
-4.440892098500626162e-16
6.985065000286948766e+00
-2.220446049250313081e-16
6.985061341313981487e+00
0.000000000000000000e+00
6.985049421968612116e+00
-6.661338147750939243e-16
6.985028836639923355e+00
2.220446049250313081e-16
6.984999079695176860e+00
2.220446049250313081e-16
6.984959528991502964e+00
-4.440892098500626162e-16
6.984909424763976027e+00
-2.220446049250313081e-16
6.984847842655376837e+00
-4.440892098500626162e-16
6.984773659340069329e+00
-1.554312234475219157e-15
6.984685508958230926e+00
4.440892098500626162e-16
6.984581728764498898e+00
2.220446049250313081e-16
6.984460294101454636e+00
2.220446049250313081e-16
6.984318749530228132e+00
6.217248937900876626e-15
6.984154166599450875e+00
1.110223024625156540e-14
6.983963244401769188e+00
-1.554312234475219157e-15
6.983743016063956865e+00
-1.554312234475219157e-15
6.983494338701167869e+00
0.000000000000000000e+00
6.983242178849620174e+00
-1.332267629550187849e-15
6.983242812146792211e+00
-2.220446049250313081e-16
7.013671131164926464e+00
-1.998401444325281773e-15
8.954626559808856356e+00
0.000000000000000000e+00
8.961288934701844511e+00
6.661338147750939243e-16
8.962000692159030280e+00
-2.886579864025407005e-15
8.960402226560885808e+00
1.332267629550187849e-15
8.956361000501731340e+00
1.110223024625156540e-16
8.946988790610648223e+00
1.998401444325281773e-15
8.903496031595253157e+00
-3.663735981263016583e-15
4.996621228314031882e+00
-7.216449660063517513e-16
4.991730223025470536e+00
-3.885780586188047891e-16
4.991377393722041589e+00
-2.220446049250313081e-16
4.991310108093862219e+00
2.220446049250313081e-16
4.991301585574176691e+00
-5.551115123125782702e-17
4.991311293270638494e+00
-1.665334536937734811e-16
4.991327863853038949e+00
-1.110223024625156540e-16
4.991347204377308167e+00
-5.551115123125782702e-17
4.991367584043916672e+00
-5.551115123125782702e-17
4.991388184858499777e+00
1.665334536937734811e-16
4.991408588503979615e+00
1.110223024625156540e-16
4.991428569206401100e+00
1.110223024625156540e-16
4.991448001519850131e+00
-1.110223024625156540e-16
4.991466816256329153e+00
-3.330669073875469621e-16
4.991484978650008841e+00
-2.775557561562891351e-16
4.991502478070161786e+00
-3.330669073875469621e-16
4.991519325188320977e+00
5.551115123125782702e-17
4.991535556507685101e+00
-3.885780586188047891e-16
4.991551251183508953e+00
1.110223024625156540e-16
4.991566577340311284e+00
-5.551115123125782702e-16
4.991581922788650871e+00
-3.885780586188047891e-16
4.991598148983361405e+00
2.220446049250313081e-16
4.991590109481560233e+00
5.551115123125782702e-17
4.990639006280383150e+00
-3.330669073875469621e-16
4.991602322276175840e+00
-3.330669073875469621e-16
4.991621149691590098e+00
-5.551115123125782702e-17
4.991632827715470455e+00
2.220446049250313081e-16
4.991642331034232605e+00
4.440892098500626162e-16
4.991650494543445227e+00
5.551115123125782702e-17
4.991657590047372750e+00
3.330669073875469621e-16
4.991663732527952035e+00
-6.106226635438360972e-16
4.991668977140168550e+00
2.220446049250313081e-16
4.991673351487126098e+00
0.000000000000000000e+00
4.991676868647529020e+00
1.665334536937734811e-16
4.991679533152209913e+00
5.551115123125782702e-17
4.991681343985448827e+00
-3.885780586188047891e-16
4.991682296192781365e+00
-6.661338147750939243e-16
4.991682381780766065e+00
-3.885780586188047891e-16
4.991681590231686449e+00
2.220446049250313081e-16
4.991679908796278653e+00
5.551115123125782702e-16
4.991677322651127291e+00
5.551115123125782702e-16
4.991673814968992318e+00
2.220446049250313081e-16
4.991669366929703422e+00
1.665334536937734811e-16
4.991663957687981323e+00
1.432187701766451937e-14
4.991657564307043771e+00
3.330669073875469621e-16
4.991650161665841523e+00
5.551115123125782702e-17
4.991641722338775899e+00
5.551115123125782702e-17
4.991632216453423254e+00
8.326672684688674053e-16
4.991621611523843427e+00
-3.330669073875469621e-16
4.991609872259101799e+00
6.106226635438360972e-16
4.991596960345651368e+00
-4.440892098500626162e-16
4.991582834200852581e+00
-3.885780586188047891e-16
4.991567448695205300e+00
-2.220446049250313081e-16
4.991550754836703518e+00
5.551115123125782702e-16
4.991532699421717290e+00
-8.326672684688674053e-16
4.991513224629293255e+00
4.996003610813204432e-16
4.991492267575960540e+00
-5.551115123125782702e-17
4.991469759800915007e+00
-2.220446049250313081e-16
4.991445626688495452e+00
-5.551115123125782702e-17
4.991419786808933168e+00
-5.551115123125782702e-17
4.991392151165851665e+00
-7.771561172376095783e-16
4.991362622339686972e+00
-1.110223024625156540e-16
4.991331093498398097e+00
-6.661338147750939243e-16
4.991297447269031906e+00
2.220446049250313081e-16
4.991261554420384883e+00
-2.220446049250313081e-16
4.991223272354901042e+00
-5.551115123125782702e-17
4.991182443331414476e+00
1.665334536937734811e-16
4.991138892407788852e+00
-2.220446049250313081e-16
4.991092425015235534e+00
1.110223024625156540e-16
4.991042824094897412e+00
-1.665334536937734811e-16
4.990989846709728006e+00
-4.996003610813204432e-16
4.990933220001860349e+00
4.996003610813204432e-16
4.990872636343790525e+00
5.551115123125782702e-17
4.990807747488554824e+00
1.665334536937734811e-16
4.990738157464047475e+00
-2.775557561562891351e-16
4.990663413879637744e+00
-1.110223024625156540e-16
4.990582997209465077e+00
0.000000000000000000e+00
4.990496307463711645e+00
-5.551115123125782702e-17
4.990402647470551400e+00
6.106226635438360972e-16
4.990301201697232791e+00
-1.665334536937734811e-16
4.990191009121196508e+00
0.000000000000000000e+00
4.990070928077831702e+00
-2.775557561562891351e-16
4.989939590118190438e+00
-2.775557561562891351e-16
4.989795338557794224e+00
-1.665334536937734811e-16
4.989636145326856287e+00
-2.775557561562891351e-16
4.989459496424425211e+00
4.996003610813204432e-16
4.989262230922347996e+00
2.220446049250313081e-16
4.989040309408304452e+00
2.220446049250313081e-16
4.988788472084015879e+00
-1.110223024625156540e-16
4.988499718259928883e+00
-9.714451465470119729e-16
4.988164484968145018e+00
-6.938893903907228378e-16
4.987769293943220994e+00
3.608224830031758756e-16
4.987294403341060445e+00
1.942890293094023946e-15
4.986709457538011314e+00
-3.330669073875469621e-16
4.985964722011896555e+00
-2.498001805406602216e-16
4.984971305169942468e+00
-1.165734175856414367e-15
4.983548617892733290e+00
3.053113317719180486e-16
4.981242701580070431e+00
3.219646771412953967e-15
4.976241633726644409e+00
2.609024107869117870e-15
4.207604226559058525e+00
3.521488656232918402e-16
3.035025464810848117e+00
3.842480261924408058e-17
2.995844264517648625e+00
-1.067236102552000798e-16
2.995537389733602840e+00
-8.117370843422136439e-17
2.995465576809277053e+00
-7.311181824884438463e-15
2.995432467324761205e+00
1.315922858283495242e-16
2.995410468890399525e+00
2.229476214561431973e-16
2.995392380759006379e+00
-1.214449237644716121e-16
2.995375648218468800e+00
-5.247646710053963397e-17
2.995359163847677308e+00
-2.775444899563461629e-17
2.995342365879809066e+00
1.218644052510707286e-16
2.995324925747076872e+00
2.029626483436476552e-16
2.995306622743473479e+00
1.040833754713839235e-17
2.995287287742907090e+00
5.247537522213106397e-17
2.995266775419599181e+00
1.582935695020573913e-16
2.995244949325105654e+00
1.058181785634946889e-16
2.995221673251398098e+00
1.075528831177149838e-16
2.995196806047108140e+00
-1.222980086752800801e-16
2.995170198902046277e+00
-6.331740718334618865e-17
2.995141695530491699e+00
-3.035765969222078189e-17
2.995111137809796542e+00
1.717376291364863659e-16
2.995078384518251813e+00
3.293806185535301751e-16
2.995043365945480485e+00
-3.720981853385311803e-16
2.995006249743746185e+00
-1.704365821609561506e-16
2.994968012827747827e+00
2.749536699858963412e-16
2.994932892249571488e+00
-2.038300079361363449e-16
2.994923583218636942e+00
-4.610027636632883029e-16
2.995183842777413563e+00
1.864610895568486278e-15
3.619734354314755986e+00
-4.163336330712109663e-17
4.944519571789466994e+00
-1.543036532062315669e-15
4.958646385128467671e+00
-1.106753578125567324e-15
4.964275549172159963e+00
-2.489328187509730298e-16
4.967292232657960049e+00
-5.360295542190050600e-16
4.969064450653702281e+00
-5.906733431952866006e-16
4.970090760702433386e+00
-8.716985467235820047e-16
4.970586339090546701e+00
-1.196959198404609850e-15
4.970642309692889782e+00
4.878909774763053275e-16
4.970272122094116618e+00
-4.458239335263722279e-16
4.969423153013594607e+00
5.308253837070641077e-16
4.967950310396811453e+00
1.658395643124300462e-15
4.965532339912205551e+00
8.526165885330735664e-16
4.961404180261896002e+00
7.888655007359959431e-16
4.953225020954017843e+00
-1.201296007084858344e-15
4.926774051564461132e+00
5.538104697217515362e-16
2.030890060095023930e+00
8.413408855579457567e-17
1.997722575419698332e+00
-3.174543961069868725e-16
1.997286904408071218e+00
-6.886852199143248025e-16
1.997198705900840698e+00
-2.005774019001247975e-16
1.997166398543092525e+00
-6.741569108837983997e-16
1.997149964319693272e+00
1.242495689038309099e-16
1.997139452851611319e+00
-1.955900718646862116e-16
1.997131512043835322e+00
1.794354595738159651e-16
1.997124774447765816e+00
8.532671097460919896e-17
1.997118601615006206e+00
2.066489340498877510e-16
1.997112663036775482e+00
5.355958729170335063e-17
1.997106772468330238e+00
-1.719544645642789389e-16
1.997100816831037129e+00
2.103352213975643748e-17
1.997094722518341969e+00
-2.287666583136620789e-17
1.997088438259528198e+00
-1.284779574395322754e-16
1.997081925875563879e+00
-6.028164076434465239e-17
1.997075155033489535e+00
-1.138412280827051907e-16
1.997068100132946222e+00
-7.567731163787262236e-17
1.997060738379580203e+00
4.271756558946652616e-17
1.997053048543683484e+00
1.182864570068594238e-16
1.997045010126980324e+00
-6.201636425647733082e-17
1.997036602776935066e+00
1.908195826240206575e-17
1.997027805855515981e+00
6.348003720548863315e-17
1.997018598103116549e+00
7.752045530605637932e-17
1.997008957361750658e+00
2.537033082808286809e-17
1.996998860333008441e+00
5.692061391008614074e-18
1.996988282354557942e+00
-6.581107187875584838e-17
1.996977197183591013e+00
-6.255846535079801871e-17
1.996965576778608087e+00
1.322726650109197983e-17
1.996953391071823791e+00
1.866996140947337214e-16
1.996940607727016648e+00
3.913969842066825832e-17
1.996927191876773477e+00
1.044086692152008384e-16
1.996913105833481472e+00
2.911082832194616803e-17
1.996898308767709018e+00
-2.710505431334930120e-17
1.996882756349393606e+00
-7.600257229325334474e-17
1.996866400342127035e+00
3.648340310696450169e-17
1.996849188144383724e+00
4.336808684287462767e-18
1.996831062266454682e+00
-8.456776947406418503e-18
1.996811959733009179e+00
-6.776263577468947216e-17
1.996791811395888905e+00
-4.499439014603153051e-18
1.996770541143077393e+00
-5.307169633912647421e-17
1.996748064980740978e+00
-1.572093150427098856e-17
1.996724289966439692e+00
-4.499439016218740185e-17
1.996699112963238321e+00
-3.979021973506477413e-17
1.996672419176213742e+00
-2.168404344001656588e-17
1.996644080426910550e+00
3.989863994625487282e-17
1.996613953107962969e+00
6.722053468198437140e-18
1.996581875744183776e+00
3.913969842672671007e-17
1.996547666070089599e+00
-2.428612866609868002e-17
1.996511117503188659e+00
4.792173601961837976e-17
1.996471994863362021e+00
-3.989863994908215031e-17
1.996430029137719941e+00
2.547875104775479923e-17
1.996384911031746645e+00
3.588709191088578390e-17
1.996336282957929198e+00
-7.806255639068354441e-18
1.996283728996637530e+00
-2.905661822139982848e-17
1.996226762193844984e+00
2.406928823018794039e-17
1.996164808320019857e+00
3.371868756813620734e-17
1.996097184865263996e+00
9.053088140455910416e-17
1.996023073528426561e+00
-2.461138931319951834e-17
1.995941483680870876e+00
-6.179952383389518505e-17
1.995851203087464443e+00
6.288372600375536039e-17
1.995750730283390340e+00
2.027458062386334578e-17
1.995638179957857528e+00
-3.567025147315750874e-17
1.995511147623920900e+00
-2.417770844763843923e-17
1.995366511121970499e+00
5.746271514112588983e-17
1.995200130888856727e+00
-5.139118297763044570e-17
1.995006381730561662e+00
-9.172350379106198477e-17
1.994777391362571262e+00
-2.818925648260363137e-18
1.994501740457361727e+00
2.450296909857629699e-17
1.994162107390635930e+00
5.963111964826145726e-19
1.993730666216439129e+00
-2.146720301642467814e-17
1.993159163910149578e+00
1.837722682453806792e-17
1.992354422007118320e+00
1.599198204567580334e-17
1.991104438698299450e+00
1.084202173697194784e-18
1.988766166984762496e+00
1.073360150861623586e-17
1.981415232765153078e+00
-3.848917714746921442e-18
1.683940924239634221e-02
5.759824273569892803e-20
6.444843818380496412e-04
2.607272987844555626e-21
1.873563768408784483e-04
-3.019350599692766619e-23
8.561566265377894844e-05
1.368956650742376364e-22
4.811603736204096292e-05
-3.784432081786796244e-23
3.047648558522446970e-05
3.631849974410223964e-23
2.087510176294754153e-05
-1.116774606303281993e-23
1.511262883066066762e-05
-1.775611039504697395e-23
1.140268609019419951e-05
-1.484623601851460682e-24
8.884306468376108003e-06
2.946729958024292802e-24
7.102498089378433491e-06
-1.389808831931136831e-24
5.799140424612809050e-06
-3.729683872787009671e-24
4.819301538434565207e-06
-2.981768003990589263e-24
4.065609134008809119e-06
4.999131463243145405e-24
3.474479861528650249e-06
1.367291586252508270e-24
3.003029843534157007e-06
1.927597399125646767e-24
2.621523540784543160e-06
3.757249828259052708e-24
2.308841430725774642e-06
-6.886440158217344657e-25
2.049664966403669869e-06
8.001144793505326714e-24
1.832675206793831546e-06
9.539739103048388140e-24
1.649369445148959694e-06
2.119387786757875864e-23
1.493265503112243799e-06
-1.640946803184953088e-23
1.359355446562182982e-06
-2.520714776946185940e-23
1.243723460084236606e-06
1.963241290267152964e-24
1.143273993617676673e-06
-9.382083042329434311e-23
1.055535366578629448e-06
-3.701602948916038358e-23
9.785158828004269123e-07
-2.446774099615125975e-21
9.105970542092694639e-07
1.459826957607107642e-19
8.504534215729724368e-07
-4.135675451781521870e-20
7.969916877566051625e-07
-2.797317986014103405e-21
7.493040434620887869e-07
-4.717362969672683524e-24
7.066320397352327576e-07
-5.787134087799276749e-24
6.683383795551487923e-07
2.020872312558979203e-23
6.338847132035316469e-07
8.204153414298522776e-24
6.028140266252404692e-07
9.245247860798521780e-24
5.747365733620835889e-07
4.687222172205999105e-25
5.493185622406610884e-07
-1.978942777724671983e-24
5.262730042662621119e-07
-3.397933152261744483e-24
5.053522633285524457e-07
3.710044391690627361e-24
4.863419604407128989e-07
1.286663690851679095e-25
4.690559600768123378e-07
-8.759763927063785811e-25
4.533322269856178326e-07
6.547671731079233347e-25
4.390293872414747278e-07
2.534452316294066728e-26
4.260238623435078386e-07
6.560798376542110983e-26
4.142074604617374049e-07
-9.181583630303565244e-25
4.034854135686448279e-07
-6.678433314728668264e-25
3.937746088756797584e-07
4.079862384058237696e-25
3.850022144840236410e-07
-6.678685750218338987e-25
3.771044596280813200e-07
7.229752424169528994e-26
3.700256152336063537e-07
-5.697469001868235663e-25
3.637171320884334718e-07
2.786887805964790506e-26
3.581369132083642566e-07
-7.007609193259292070e-26
3.532487012947793402e-07
3.319526689170017677e-26
3.490215657136630011e-07
5.106769956038742024e-26
3.454294763443546754e-07
1.800874783310943430e-25
3.424509540814630420e-07
1.459708219020960245e-25
3.400687898300470265e-07
1.959278053079322601e-25
3.382698255966320331e-07
3.950615413346827122e-26
3.370447928166601702e-07
1.889353422440532114e-25
3.363882044302324984e-07
4.567820185591746758e-26
3.362982984729501441e-07
2.775528208929607936e-26
3.367770321313456493e-07
-9.246711986638611978e-26
3.378301263639941801e-07
7.468303961908362964e-26
3.394671623495659283e-07
-1.128386638828135286e-26
3.417017322322331725e-07
-1.230875447634449140e-25
3.445516479355188170e-07
5.750480454699087657e-26
3.480392132558020862e-07
4.670056558908389888e-27
3.521915660806441494e-07
5.528337223788850732e-27
3.570410992800979560e-07
-2.635426512162356240e-26
3.626259722969835273e-07
6.969743869808683503e-26
3.689907246469224754e-07
-2.492800460498397305e-26
3.761870111010207416e-07
7.800256630825364732e-27
3.842744773946587761e-07
4.065473561147006440e-26
3.933218027646415789e-07
4.552674056211503331e-26
4.034079408481380364e-07
-2.312309085383829804e-26
4.146235980655231519e-07
-1.039087584357116750e-25
4.270729980268041936e-07
3.210348339887429643e-26
4.408759924116393056e-07
-2.389301909733400556e-26
4.561705939302687259e-07
4.606947686490708944e-26
4.731160263850093776e-07
2.957281761492529056e-26
4.918964118746343710e-07
5.138324392247582496e-26
5.127252476550301422e-07
5.788345778149696223e-26
5.358508675994850198e-07
3.041847650532221522e-26
5.615631390494760004e-07
-2.675816190509672044e-26
5.902017199172520510e-07
2.335028279454194944e-26
6.221662999328529359e-07
4.471894699516871723e-26
6.579293834597453974e-07
2.812131354931862884e-26
6.980523529784544393e-07
1.519787865562592504e-25
7.432058018818036604e-07
4.046540899421702157e-26
7.941954714871913682e-07
-1.476747614573734100e-26
8.519956128614352835e-07
3.930420574173169219e-26
9.177922832379216929e-07
1.699269498718477110e-25
9.930400769363588859e-07
-1.202476455046492715e-25
1.079537232250317885e-06
4.743262850912899784e-26
1.179526184884685470e-06
3.344139149412913246e-26
1.295829832271621605e-06
-1.723503305726866592e-25
1.432038645030602359e-06
-2.419215515259381324e-25
1.592771330987211178e-06
-1.479776840449782785e-25
1.784043754126574984e-06
-4.893461967266980431e-25
2.013800247342671245e-06
3.669654713343311557e-25
2.292693717655947881e-06
6.373996114185775388e-27
2.635255939737663987e-06
1.329325288606031414e-24
3.061696036414943938e-06
2.070223450789605701e-25
3.600740612902780458e-06
-4.517206869912766641e-25
4.294260045233642522e-06
-2.574715776896547171e-25
5.205077552909802569e-06
9.914277639072841009e-25
6.430708055792186084e-06
2.250916774295909781e-24
8.128737563345584131e-06
-7.924076238508854745e-25
1.056652247217692206e-05
4.006403656564057076e-24
1.422569201041745981e-05
1.266582447648373019e-24
2.004234197075366783e-05
-7.767566234913006003e-25
3.002620930317563498e-05
6.565544163747920590e-24
4.912443428666225461e-05
4.156453835979231997e-23
9.223336147758531432e-05
1.910780146803783149e-22
2.219579419903064529e-04
-2.704884894451724899e-22
9.700741983064898504e-04
2.448446030350313113e-22
8.877642255520287184e-01
-7.242470512246083652e-17
1.988123726582138762e+00
1.268516541802739043e-16
1.992054806511157183e+00
-5.355958732030429161e-17
1.993532853436219554e+00
2.268150944839170405e-16
1.994358880232833142e+00
2.383076375122886310e-16
1.994901040039620099e+00
1.270684946155283116e-16
1.995289826489138996e+00
1.934216675727266556e-16
1.995584800614571774e+00
-1.240327285317863492e-16
1.995817539023349019e+00
-1.574261554457030374e-16
1.996006546207832466e+00
1.314053033051421632e-16
1.996163475636833162e+00
-2.211772431845185496e-17
1.996296077411117587e+00
-7.676151381235236716e-17
1.996409730565669616e+00
-1.908195823583575481e-16
1.996508299209668547e+00
2.294171796979074947e-16
1.996594639002034155e+00
-1.821459649769588997e-16
1.996670911092910838e+00
7.112366251487238603e-17
1.996738784436679293e+00
-2.563053935751693514e-16
1.996799570529480983e+00
-5.308253836507457500e-16
1.996854315711317662e+00
2.441623292441647389e-16
1.996903865965544700e+00
2.458970527194599701e-16
1.996948913396630720e+00
2.831936074530622969e-16
1.996990030205205047e+00
2.580401170504393391e-16
1.997027693946072269e+00
-2.966377143919330389e-16
1.997062306592071845e+00
4.857225732722438090e-17
1.997094209120417574e+00
-1.413799632918320992e-16
1.997123692811527240e+00
3.816391647017709153e-17
1.997151008100088498e+00
1.127570259210744123e-17
1.997176371581326659e+00
-1.977584762620880717e-16
1.997199971609699531e+00
2.879640970121752212e-16
1.997221972809342994e+00
8.673617379732574178e-18
1.997242519741049493e+00
-3.235259282683366150e-16
1.997261739901778022e+00
-1.101549407243000586e-16
1.997279746203832529e+00
-4.770489559163411450e-18
1.997296639017989595e+00
-2.445960101116443277e-16
1.997312507899537515e+00
4.432218481127557884e-16
1.997327433016472531e+00
-2.801578413690174118e-16
1.997341486370076913e+00
-1.370431546023949524e-16
1.997354732834323521e+00
8.977193988195122843e-17
1.997367231019888001e+00
-2.298508605662706077e-16
1.997379034046034452e+00
-3.092144595930173259e-16
1.997390190181201008e+00
-1.066854937725736363e-16
1.997400743421727354e+00
-3.616898447412652534e-16
1.997410733964855245e+00
-2.732189474678617303e-17
1.997420198675684988e+00
9.974659986907030471e-17
1.997429171438424689e+00
-3.352353117313062806e-16
1.997437683538096032e+00
-1.214306433138326578e-17
1.997445763944909247e+00
6.071532165565415145e-18
1.997453439635575645e+00
-1.700029006454241727e-16
1.997460735886725125e+00
-4.310787837813472791e-16
1.997467676511468726e+00
3.274290560905213649e-16
1.997474284207356288e+00
2.185751579731281810e-16
1.997480580853467913e+00
-3.209238430521752156e-17
1.997486587929829138e+00
5.212844045300207899e-16
1.997492326920983219e+00
-3.339342691295743335e-17
1.997497820028502735e+00
5.590146401342329055e-16
1.997503090993043573e+00
1.322726650433325151e-16
1.997508166362462312e+00
-1.595945597892604075e-16
1.997513077482976129e+00
-1.032160468204180737e-16
1.997517863447131559e+00
-1.175275154979840387e-16
1.997522576232276137e+00
-3.022755656878984071e-16
1.997527289254793725e+00
-3.469446951950080092e-16
1.997532112885397781e+00
6.882515390939496760e-16
1.997537223845875509e+00
-4.410534437676080747e-16
1.997542924516090501e+00
2.255140518765305384e-16
1.997549772103269339e+00
4.770489558926122090e-17
1.997558888192836113e+00
-9.749145934990160742e-16
1.997572798687067497e+00
4.692427002513224223e-16
1.997598135034568401e+00
3.469446952407998070e-18
1.997656796868129359e+00
2.680147770381137735e-16
1.997856437057760504e+00
2.550043509684391816e-16
1.999624023164772391e+00
-2.071259830316206697e-15
4.281790101578837771e+00
5.863365348801658466e-15
4.950708530173008270e+00
-6.813126451897900121e-16
4.963824875157812677e+00
1.016981637791958517e-15
4.969435156515389806e+00
2.309784308262866211e-15
4.972683420738928994e+00
-1.052109788180943245e-15
4.974827926351632179e+00
-1.975850039137179384e-15
4.976349338314101090e+00
-2.063453574674462526e-15
4.977475954622236465e+00
2.827599265842700435e-16
4.978331481551586890e+00
8.083811398048891834e-16
4.978989067962465320e+00
-1.659263004771765499e-15
4.979494619888225060e+00
-3.705803025557473639e-16
4.979878081386079458e+00
5.876375774869414548e-16
4.980159359779109174e+00
3.406129545081520959e-15
4.980351619138258634e+00
1.416401718134457147e-15
4.980463165620472310e+00
6.451002926294809834e-16
4.980498511806771944e+00
-1.634976876108039712e-15
4.980458907052476292e+00
-1.477117039795059034e-15
4.980337159954072668e+00
5.529431079679606710e-16
4.980143963148178976e+00
1.159228962820996470e-15
4.979854082091880407e+00
-2.252104752685880068e-15
4.979458180652510890e+00
1.664467175199392997e-15
4.978934027534654305e+00
3.348016308629684111e-16
4.978247756588642936e+00
-2.445092739390319342e-15
4.977346444464963326e+00
-7.812760854944176468e-16
4.976143446917786761e+00
-9.194034422675058116e-16
4.974486550743376867e+00
-7.240302107856179126e-16
4.972076686110018962e+00
-4.301246858685149523e-15
4.968237694392763970e+00
3.369700352092015975e-16
4.960861101048758215e+00
1.062518129044377152e-16
4.936208271562500194e+00
2.728720027711366098e-15
3.000862124254163987e+00
-6.583275591336021891e-16
2.996545310225361192e+00
-1.075528555106024295e-15
2.996348816334021947e+00
-9.640725717737066459e-16
2.996314661306160421e+00
-1.454999315475092567e-15
2.996309789405478430e+00
-1.439820485058225533e-16
2.996313251771293373e+00
1.530893467561144293e-16
2.996319590899305219e+00
9.684093804647088927e-16
2.996326951669876060e+00
-1.977584762620123410e-16
2.996334592499117822e+00
-4.597017211333490090e-17
2.996342185219558640e+00
-1.009175382149204605e-15
2.996349576069118115e+00
-5.195496810562654151e-16
2.996356692010290868e+00
-9.874913386997974385e-16
2.996363499997340973e+00
-3.569193551825309823e-16
2.996369987780896249e+00
8.630249292903835938e-17
2.996376154267702763e+00
-1.747733902062789019e-16
2.996382004427580181e+00
5.004677228191068983e-16
2.996387546492890408e+00
3.079134169879027432e-17
2.996392790370440817e+00
-4.215378046633738659e-16
2.996397746720951272e+00
1.179611963662209340e-16
2.996402426418511844e+00
1.153591111530635170e-16
2.996406840232431978e+00
-2.259477327462820466e-16
2.996410998642200063e+00
1.019150042139403394e-16
2.996414911733524367e+00
-1.240327285322407331e-16
2.996418589144317579e+00
-1.327063459126296395e-16
2.996422040041653467e+00
-2.975050761299214425e-16
2.996425273117946375e+00
-1.994931997332938480e-17
2.996428296598912411e+00
1.340073885191073738e-16
2.996431118258570336e+00
1.088538981176456194e-16
2.996433745438274787e+00
2.077331362468090108e-16
2.996436185067796742e+00
1.678344963009580348e-16
2.996438443687211350e+00
-2.818925648468369980e-16
2.996440527468825277e+00
1.318389841746412360e-16
2.996442442238559156e+00
7.285838599112687216e-17
2.996444193496539565e+00
-1.140580685456770148e-16
2.996445786436742864e+00
-1.726049858598942543e-16
2.996447225965527927e+00
2.185751579737845133e-16
2.996448516719117272e+00
-2.419939248978558219e-16
2.996449663079936876e+00
1.877838162744893680e-16
2.996450669191946581e+00
3.035766083040191772e-17
2.996451538974931328e+00
1.344410693881015756e-16
2.996452276137784754e+00
1.821459649725160351e-17
2.996452884190965449e+00
-9.107298248474340462e-18
2.996453366458033951e+00
1.214306433185784450e-16
2.996453726086414360e+00
1.233822072280426110e-16
2.996453966057426310e+00
-1.736891880309661200e-16
2.996454089195587311e+00
1.366094737328706361e-16
2.996454098177345760e+00
-3.083470978535647965e-16
2.996453995539136717e+00
1.238158880989553225e-16
2.996453783684959404e+00
7.047314121105291723e-17
2.996453464893396923e+00
5.637851296894330798e-17
2.996453041324196764e+00
-2.276824562330630927e-17
2.996452515024374375e+00
1.617629641345343390e-16
2.996451887933980540e+00
-1.123233450697002078e-16
2.996451161891413584e+00
-6.310056644006999680e-17
2.996450338638416255e+00
-9.063930161928329970e-17
2.996449419824780858e+00
-1.036497276883015593e-16
2.996448407012732851e+00
-6.114900252798050169e-17
2.996447301680968067e+00
3.933485481763273699e-16
2.996446105228564250e+00
-3.924811864296551855e-17
2.996444818978543090e+00
1.522219850180755387e-16
2.996443444181249749e+00
-6.071532165928922250e-17
2.996441982017537420e+00
-1.166601537588344319e-16
2.996440433601719189e+00
-3.220080452276899459e-16
2.996438799984376899e+00
8.977193988230463812e-17
2.996437082154977727e+00
-1.301042609002089238e-18
2.996435281044339316e+00
7.892991815633887762e-17
2.996433397526974129e+00
2.602085214056087418e-17
2.996431432423238395e+00
8.456776945336447487e-17
2.996429386501425984e+00
2.508843827123379325e-16
2.996427260479680665e+00
3.181049174043187493e-16
2.996425055027830631e+00
2.138046684144443970e-16
2.996422770769130217e+00
-5.377642775520024057e-16
2.996420408281866621e+00
-1.205632815801861447e-16
2.996417968100906215e+00
2.430781270712500941e-16
2.996415450719168483e+00
2.213940836218429280e-16
2.996412856588973828e+00
2.569559148782567573e-16
2.996410186123383390e+00
1.912532632253322660e-16
2.996407439697419850e+00
2.064320936424517346e-16
2.996404617649270907e+00
-1.734723476148463227e-17
2.996401720281393732e+00
1.929879866999964086e-16
2.996398747861635847e+00
-3.491130995403324278e-16
2.996395700624231218e+00
1.019150042142432620e-16
2.996392578770834536e+00
2.558717126985011108e-17
2.996389382471467133e+00
2.255140518759751803e-17
2.996386111865493085e+00
3.469446952014198706e-17
2.996382767062523378e+00
8.977193988200171553e-17
2.996379348143352495e+00
9.627715291671279374e-17
2.996375855160861246e+00
-9.540979117266593844e-18
2.996372288140951579e+00
2.337539883896922915e-16
2.996368647083484493e+00
4.679416576449456621e-16
2.996364931963263700e+00
-6.071532166524670006e-18
2.996361142731057026e+00
-3.339342691214963978e-17
2.996357279314657784e+00
2.376571162080147784e-16
2.996353341620062949e+00
7.892991815573303245e-17
2.996349329532733474e+00
-1.994931997363230739e-16
2.996345242919011831e+00
1.231653667939494069e-16
2.996341081627658109e+00
2.168404344930619190e-17
2.996336845491662793e+00
-3.525825464920840935e-16
2.996332534330284680e+00
-1.608956023974547032e-16
2.996328147951414334e+00
-2.159730727607280704e-16
2.996323686154375388e+00
-1.960237527855811501e-16
2.996319148733228577e+00
-8.586881206125584796e-17
2.996314535480729457e+00
-3.343679499951354126e-16
2.996309846193096593e+00
1.023486850840452573e-16
2.996305080675851773e+00
-4.822531263203406819e-16
2.996300238750949863e+00
3.599551212550900525e-17
2.996295320265662365e+00
2.602085212753520291e-18
2.996290325103659224e+00
-2.038300084272748336e-16
2.996285253198980758e+00
2.610758831332977774e-16
2.996280104553904700e+00
6.583275591331982923e-16
2.996274879261873192e+00
4.406197628989167955e-16
2.996269577537393758e+00
-2.879640970135636164e-16
2.996264199755383384e+00
5.698566618591889241e-16
2.996258746503711823e+00
2.775557561461917155e-17
2.996253218654308714e+00
-4.041905699019902078e-16
2.996247617460892076e+00
6.938893904088981930e-17
2.996241944695764214e+00
2.393918396841935339e-16
2.996236202844863250e+00
1.647987302169888804e-16
2.996230395392189827e+00
6.765421556349937347e-17
2.996224527244645053e+00
-3.547509508378628960e-16
2.996218605384682210e+00
-9.887923813168774634e-17
2.996212639904857422e+00
-3.486794186707323808e-16
2.996206645707761407e+00
-5.204170428091979997e-17
2.996200645414732300e+00
-2.203098814498622946e-16
2.996194674568797289e+00
1.700029006437076113e-16
2.996188791360685499e+00
-3.608224830019641853e-16
2.996183095257857421e+00
1.283695372222837250e-16
2.996177759178723310e+00
-5.698566618557558014e-16
2.996173017380814318e+00
-8.673617375845067637e-19
2.996167543352714180e+00
6.071532166019799026e-17
2.996029402600074221e+00
7.806255641855242247e-17
2.987866904024692793e+00
1.370431546017638637e-16
2.996089775951767287e+00
2.133709875463589630e-16
2.996109999049981099e+00
7.459310946821439541e-17
2.996108533566355092e+00
-3.868433351464630531e-16
2.996103620142260393e+00
-3.061786935103103489e-16
2.996097440225461206e+00
-3.209238430395534411e-17
2.996090599702971424e+00
-9.714451465449924890e-17
2.996083338385905570e+00
-8.387388006347862301e-16
2.996075771077145955e+00
-5.082739784605986335e-16
2.996067959552056070e+00
3.027092465567411476e-16
2.996059939712541365e+00
-2.619432448729017680e-16
2.996051733524777827e+00
-7.979727989594286830e-17
2.996043354869482034e+00
-9.540979118276335803e-18
2.996034812652607737e+00
-5.950101522620643173e-16
2.996026112567855115e+00
-4.206704429267991011e-16
2.996017258148058637e+00
-6.002143226887830482e-16
2.996008251419063573e+00
2.758210326799084312e-16
2.995999093321088047e+00
-9.454242944235157378e-17
2.995989783988291855e+00
2.810252031054154718e-16
2.995980322939013174e+00
1.795438797607722568e-16
2.995970709207977922e+00
7.806255641855242247e-17
2.995960941439808511e+00
-3.764349942873710363e-16
2.995951017956092866e+00
3.937822290467352104e-16
2.995940936804095678e+00
5.551115123133860638e-16
2.995930695792327292e+00
-8.916478666557139176e-16
2.995920292516662808e+00
1.422473250296942850e-16
2.995909724379494321e+00
-2.029626466880747397e-16
2.995898988603626467e+00
-2.393918396852032758e-16
2.995888082242245343e+00
-4.805184028471911523e-16
2.995877002185802773e+00
5.542441505774171441e-16
2.995865745166453653e+00
-2.662800535628437858e-16
2.995854307760624557e+00
3.929148673107662908e-16
2.995842686389980081e+00
-1.517883041495862079e-16
2.995830877321075558e+00
4.076600168303158602e-17
2.995818876663947972e+00
-6.331740687113397503e-17
2.995806680369672570e+00
4.007211229498346452e-16
2.995794284227154325e+00
2.090341788543974613e-16
2.995781683858966371e+00
-2.498001805386407377e-16
2.995768874716308261e+00
-2.636779683484746784e-16
2.995755852072008452e+00
-1.301042606982605321e-16
2.995742611005703715e+00
3.235259282720979038e-16
2.995729146302358981e+00
6.418476861800810781e-17
2.995715445817220157e+00
2.489328188026718180e-16
2.995701491577043019e+00
6.080205783326981641e-16
2.995687357689141184e+00
1.413799632921097782e-16
2.995672944478345645e+00
-1.014813233474704925e-16
2.995658278963382770e+00
-1.387778780773367740e-16
2.995643354958184457e+00
-2.732189474651354270e-16
2.995628165835059864e+00
1.127570259397041515e-16
2.995612704686525074e+00
5.186823193154497341e-16
2.995596964326011413e+00
1.986258379949015477e-16
2.995580937276740574e+00
5.551115122843054954e-17
2.995564615757972504e+00
4.649058915633998884e-16
2.995547991669987642e+00
4.076600168529340801e-16
2.995531056577938056e+00
-3.903127820943776995e-16
2.995513801694579925e+00
-5.984795992523881259e-17
2.995496217861850941e+00
-9.714451465429730050e-17
2.995478295531170065e+00
1.162264728916577657e-16
2.995460024742445881e+00
2.853620117993964574e-16
2.995441395101609672e+00
-3.191891195744818472e-16
2.995422395756631495e+00
-1.040834085828422327e-17
2.995403015371866928e+00
3.417405247682387912e-16
2.995383242100597698e+00
9.540979117872439019e-18
2.995363063555649408e+00
-5.117434254373918999e-17
2.995342466777920265e+00
-2.211772431862351110e-16
2.995321438202633413e+00
1.595945597898662527e-16
2.995299963623130779e+00
-2.081668170929830443e-17
2.995278028152097427e+00
-7.285838598779472370e-17
2.995255616179798519e+00
-7.979727988604739711e-17
2.995232711329337771e+00
3.009745230819760309e-16
2.995209296408508415e+00
3.165870343625361205e-16
2.995185353358011948e+00
-2.949029909322130774e-17
2.995160863195811984e+00
-2.246466901333419638e-16
2.995135805957239938e+00
1.231653667919299230e-16
2.995110160630595875e+00
-4.180683577063715419e-16
2.995083905087878584e+00
1.864827736626600012e-16
2.995057016010347350e+00
2.949029908837454634e-17
2.995029468808635631e+00
-2.862293735361731706e-17
2.995001237537101346e+00
-1.908195823622955418e-16
2.994972294802323187e+00
3.712308238582289246e-16
2.994942611665674548e+00
2.359223927376925262e-16
2.994912157540161157e+00
-3.816391646906637538e-17
2.994880900082215636e+00
-1.422473250195968654e-16
2.994848805079597387e+00
9.974659986947420150e-17
2.994815836337672454e+00
2.584737979197364635e-16
2.994781955567831222e+00
-8.673617331416421455e-19
2.994747122284540541e+00
3.035766083363309199e-17
2.994711293721587619e+00
1.621966450022158762e-16
2.994674424785278344e+00
7.112366250050880667e-17
2.994636468074141966e+00
-8.586881205519739620e-17
2.994597374015233182e+00
-2.697495005143935032e-16
2.994557091202370902e+00
-3.209238430476313768e-17
2.994515567082468355e+00
1.743397093413236680e-16
2.994472749233250131e+00
3.087807787190249014e-16
2.994428587587425916e+00
7.025630077544510019e-17
2.994383037790458335e+00
-1.934216675722217846e-16
2.994336063210604415e+00
6.071532165434148690e-17
2.994287610304879443e+00
-1.474514955226520884e-17
2.994237304199045546e+00
-3.122502256806720384e-16
2.994179676686595570e+00
3.356689926031277599e-16
2.993702344545937422e+00
-2.896988204929735462e-16
2.988220073063119653e+00
6.505213034266791750e-17
2.993962106948363289e+00
-9.454242944235157378e-17
2.993929421548525927e+00
1.196959198391685152e-16
2.993870637024448111e+00
-3.374037160710266313e-16
2.993805717407342026e+00
-7.806255646742393327e-18
2.993736720099153814e+00
1.578598363058115099e-16
2.993664001607981184e+00
6.418476861437303676e-17
2.993587528621310057e+00
6.765421557117341235e-17
2.993507120711301539e+00
-4.449565715896666069e-16
2.993422515768734637e+00
-5.013350845589128374e-16
2.993333390077996814e+00
-3.625572064904617927e-16
2.993239362833264749e+00
6.678685383156942167e-17
2.993139993726189108e+00
-1.162264728839837268e-16
2.993034776431335864e+00
2.844946500505028407e-16
2.992923128839342084e+00
2.498001805455069830e-16
2.992804380045974266e+00
2.437286483650478740e-16
2.992677753623333103e+00
4.024558464250036588e-16
2.992542346304459588e+00
2.281161370812566101e-16
2.992397100779745855e+00
-1.344410693704310913e-16
2.992240770742979450e+00
8.066464163615270416e-17
2.992071875539873638e+00
-3.530162273564334823e-16
2.991888640625705698e+00
-4.891920202383842977e-16
2.991688918316548040e+00
-1.249000902816392207e-16
2.991470080666358111e+00
-8.335346302084713960e-16
2.991228872114020110e+00
1.578598363074270971e-16
2.990961202747641323e+00
1.118896641778858377e-16
2.990661851665608495e+00
1.387778780684510447e-16
2.990324030238887598e+00
-1.630640067288951698e-16
2.989938719665747868e+00
2.931682674174621791e-16
2.989493630509513888e+00
-8.430756093214970736e-16
2.988971499399726284e+00
4.597017211015421373e-17
2.988347157530629516e+00
6.036837696366976946e-16
2.987582163777807498e+00
8.066464163938387843e-17
2.986614177814334248e+00
5.490399801369659226e-16
2.985333629781537823e+00
-9.246076126891758328e-16
2.983524617017719649e+00
1.266348137463069179e-16
2.980679213753848256e+00
-2.367897544579094713e-16
2.975148316313760422e+00
-1.199561283654117977e-15
2.953676195542709326e+00
-1.152723749828593580e-15
1.002176315334079915e+00
-1.295838436541750202e-15
9.990292033389166493e-01
2.515349039197018007e-17
9.988039160602153466e-01
6.800116025667525097e-16
9.987450868189072795e-01
3.105155022095419927e-16
9.987203914050061249e-01
-2.853620117884912442e-16
9.987065997979983623e-01
-1.075528555105620399e-16
9.986972157533772210e-01
8.066464164261505269e-17
9.986898911458169659e-01
1.734723475007454814e-17
9.986836238085383677e-01
-8.673617405733429614e-18
9.986779325983002886e-01
-2.038300084272748336e-17
9.986725651330817799e-01
-1.634976876560505084e-16
9.986673794595262166e-01
5.074066167878395605e-17
9.986622910647843243e-01
6.028164080958109214e-17
9.986572471243857496e-01
1.192622389863301848e-16
9.986522131856673257e-01
-4.076600169837966379e-17
9.986471659198222772e-01
-1.517883043418410768e-17
9.986420889089350217e-01
-7.285838601687529211e-17
9.986369702159502149e-01
-1.734723476623041948e-17
9.986318008459577067e-01
6.591949208065632105e-17
9.986265737983238688e-01
4.033232082292311348e-17
9.986212834115308912e-01
3.209238432495797685e-17
9.986159249848868269e-01
-4.943961908472604780e-17
9.986104944690628038e-01
-4.857225735319999279e-17
9.986049882746261819e-01
2.992397996706227091e-17
9.985994031436219442e-01
-9.974660032103080542e-18
9.985937360371900384e-01
2.558717124480851050e-17
9.985879840736242574e-01
-3.556183124459984836e-17
9.985821444628278920e-01
2.038300081687808922e-17
9.985762144809480212e-01
-5.204170422760542455e-17
9.985701914180806771e-01
-6.071532140069430688e-18
9.985640725710629440e-01
3.642919304721173727e-17
9.985578552159147803e-01
7.676151383782310807e-17
9.985515365945646371e-01
1.647987291838209083e-17
9.985451138969039242e-01
2.645453296987221698e-17
9.985385842534272305e-01
4.336808715791411878e-18
9.985319447242964053e-01
2.211772413775853146e-17
9.985251922887647957e-01
5.724587470723463412e-17
9.985183238385593185e-01
-2.211772426700550217e-17
9.985113361717545821e-01
-4.640385305992777220e-17
9.985042259830064770e-01
3.903127820947815962e-17
9.984969898590291271e-01
-2.688821400688748067e-17
9.984896242715034509e-01
2.298508592744572329e-17
9.984821255692022390e-01
-2.211772431870429045e-17
9.984744899776503146e-01
-1.344410711976601398e-17
9.984667135882410172e-01
4.163336357853973512e-17
9.984587923558898570e-01
-6.071532062521248261e-18
9.984507220942040462e-01
2.515349063430825015e-17
9.984424984711249840e-01
3.903127802853240063e-17
9.984341170077751793e-01
-1.561251136133944628e-17
9.984255730735690504e-01
1.864827757354582940e-17
9.984168618894888603e-01
-1.604619194599031249e-17
9.984079785272551577e-01
6.071532372713977969e-18
9.983989179167375161e-01
4.683753421326530954e-17
9.983896748548073408e-01
7.372574927997795005e-18
9.983802440185743921e-01
-9.974660038565429077e-18
9.983706199899803346e-01
3.773023539570040117e-17
9.983607972868299152e-01
1.734723579374383664e-18
9.983507704109665370e-01
3.686287345091684448e-17
9.983405339154023395e-01
-1.778091573215984929e-17
9.983300824986492961e-01
9.974660607252100208e-18
9.983194111399743553e-01
-1.647987322857482054e-17
9.983085152906524540e-01
6.722053500429400462e-17
9.982973911472656781e-01
-9.671083306192395953e-17
9.982860360475444006e-01
-3.469446331568154774e-18
9.982744490471383569e-01
-1.778091542196711958e-17
9.982626317763286794e-01
-2.428613155880744326e-17
9.982505897325746336e-01
1.561251293815248896e-17
9.982383342727273456e-01
-6.938895971858759760e-18
9.982258857604551228e-01
-1.205632828211590119e-16
9.982132786822155435e-01
-1.778091397440104761e-17
9.982005702483939258e-01
4.336891408003273039e-19
9.981878554375580581e-01
6.288373179442354504e-17
9.981752945819679645e-01
9.974661558509804644e-17
9.981631669044224164e-01
-1.040834912766696810e-17
9.981519819148216843e-01
-9.237399862598537608e-17
9.981427323542287899e-01
-8.023094256595385195e-17
9.981375373033609666e-01
-7.285841576952794987e-17
9.981415476214404725e-01
2.558709847876399998e-17
9.981699912135231223e-01
-3.556183125752454544e-17
9.982855165063321268e-01
1.227309447715302544e-16
9.990228848545701368e-01
8.109789898544210451e-17
1.952791665280618538e+00
5.437951521372608177e-17
2.960245016167571741e+00
-4.857225732735059864e-17
2.973442967552590854e+00
-1.665334536937734811e-16
2.978390702526554357e+00
0.000000000000000000e+00
2.981186492891145789e+00
-2.775557561562891351e-17
2.983041219232597907e+00
1.110223024625156540e-16
2.984384268661740336e+00
-2.220446049250313081e-16
2.985412120249912871e+00
-1.110223024625156540e-16
