-1.194380464192273728e+00
-7.413444795632414489e-04
-1.197059337586164673e+00
-7.446259651969634307e-04
-1.199750577866355306e+00
-7.479299159749571661e-04
-1.202454272950936653e+00
-7.512565429016006876e-04
-1.205170511611815432e+00
-7.546060595254224651e-04
-1.207899383485312228e+00
-7.579786819768353275e-04
-1.210640979082924673e+00
-7.613746290065408553e-04
-1.213395389802254920e+00
-7.647941220246146522e-04
-1.216162707938098775e+00
-7.682373851402855055e-04
-1.218943026693714682e+00
-7.717046452024304464e-04
-1.221736440192255024e+00
-7.751961318407897192e-04
-1.224543043488385052e+00
-7.787120775079275740e-04
-1.227362932580071897e+00
-7.822527175219441947e-04
-1.230196204420561656e+00
-7.858182901099627221e-04
-1.233042956930544332e+00
-7.894090364524064454e-04
-1.235903289010503503e+00
-7.930252007280761328e-04
-1.238777300553264293e+00
-7.966670301600536344e-04
-1.241665092456734065e+00
-8.003347750624430299e-04
-1.244566766636850286e+00
-8.040286888879720918e-04
-1.247482426040724013e+00
-8.077490282764669639e-04
-1.250412174660000098e+00
-8.114960531042230427e-04
-1.253356117544424109e+00
-8.152700265342902736e-04
-1.256314360815629527e+00
-8.190712150676938974e-04
-1.259287011681139656e+00
-8.228998885956044160e-04
-1.262274178448602013e+00
-8.267563204524898445e-04
-1.265275970540244099e+00
-8.306407874702590333e-04
-1.268292498507568311e+00
-8.345535700334254410e-04
-1.271323874046279112e+00
-8.384949521353100062e-04
-1.274370210011458671e+00
-8.424652214353122847e-04
-1.277431620432983417e+00
-8.464646693172612341e-04
-1.280508220531196395e+00
-8.504935909488824022e-04
-1.283600126732836522e+00
-8.545522853424033106e-04
-1.286707456687225637e+00
-8.586410554163125377e-04
-1.289830329282727561e+00
-8.627602080583143514e-04
-1.292968864663475381e+00
-8.669100541894923361e-04
-1.296123184246376958e+00
-8.710909088297170326e-04
-1.299293410738405541e+00
-8.753030911643219867e-04
-1.302479668154177705e+00
-8.795469246120813820e-04
-1.305682081833822394e+00
-8.838227368945107253e-04
-1.308900778461156822e+00
-8.881308601065298312e-04
-1.312135886082161473e+00
-8.924716307885155377e-04
-1.315387534123773960e+00
-8.968453899997748347e-04
-1.318655853412995071e+00
-9.012524833934716911e-04
-1.321940976196326556e+00
-9.056932612930450929e-04
-1.325243036159534427e+00
-9.101680787701470253e-04
-1.328562168447755543e+00
-9.146772957241422475e-04
-1.331898509685947030e+00
-9.192212769631984831e-04
-1.335252197999688306e+00
-9.238003922870121308e-04
-1.338623373036343933e+00
-9.284150165712057052e-04
-1.342012175986591949e+00
-9.330655298534326798e-04
-1.345418749606329900e+00
-9.377523174212354850e-04
-1.348843238238959019e+00
-9.424757699016961254e-04
-1.352285787838062081e+00
-9.472362833529213762e-04
-1.355746545990481167e+00
-9.520342593574097206e-04
-1.359225661939796215e+00
-9.568701051173389514e-04
-1.362723286610228124e+00
-9.617442335518324413e-04
-1.366239572630958410e+00
-9.666570633962373680e-04
-1.369774674360886291e+00
-9.716090193034741980e-04
-1.373328747913827641e+00
-9.766005319475090391e-04
-1.376901951184166029e+00
-9.816320381289878917e-04
-1.380494443872965160e+00
-9.867039808831054408e-04
-1.384106387514552949e+00
-9.918168095897443842e-04
-1.387737945503588755e+00
-9.969709800859564205e-04
-1.391389283122621334e+00
-1.002166954780834771e-03
-1.395060567570150845e+00
-1.007405202772838513e-03
-1.398751967989203315e+00
-1.012686199969636174e-03
-1.402463655496434258e+00
-1.018010429210523858e-03
-1.406195803211763184e+00
-1.023378380391486674e-03
-1.409948586288563233e+00
-1.028790550592975639e-03
-1.413722181944406575e+00
-1.034247444210457337e-03
-1.417516769492383366e+00
-1.039749573087815236e-03
-1.421332530373013547e+00
-1.045297456653680951e-03
-1.425169648186745963e+00
-1.050891622060752279e-03
-1.429028308727082752e+00
-1.056532604328199246e-03
-1.432908700014319248e+00
-1.062220946487214129e-03
-1.436811012329932691e+00
-1.067957199729810402e-03
-1.440735438251621758e+00
-1.073741923560936297e-03
-1.444682172689017330e+00
-1.079575685953999917e-03
-1.448651412920078041e+00
-1.085459063509893948e-03
-1.452643358628189052e+00
-1.091392641619611881e-03
-1.456658211939974912e+00
-1.097377014630551619e-03
-1.460696177463851830e+00
-1.103412786016604247e-03
-1.464757462329323356e+00
-1.109500568552126195e-03
-1.468842276227051435e+00
-1.115640984489906905e-03
-1.472950831449709952e+00
-1.121834665743230448e-03
-1.477083342933646737e+00
-1.128082254072150774e-03
-1.481240028301366252e+00
-1.134384401274088176e-03
-1.485421107904857152e+00
-1.140741769378862723e-03
-1.489626804869785826e+00
-1.147155030848302391e-03
-1.493857345140567450e+00
-1.153624868780526048e-03
-1.498112957526355205e+00
-1.160151977119059166e-03
-1.502393873747941644e+00
-1.166737060866889376e-03
-1.506700328485619744e+00
-1.173380836305615814e-03
-1.511032559428015398e+00
-1.180084031219836259e-03
-1.515390807321913336e+00
-1.186847385126904748e-03
-1.519775316023106448e+00
-1.193671649512225352e-03
-1.524186332548291389e+00
-1.200557588070232801e-03
-1.528624107128033316e+00
-1.207505976951220653e-03
-1.533088895904658244e+00
-1.214517628468047596e-03
-1.537580950505294419e+00
-1.221593298444545320e-03
-1.542100533685313968e+00
-1.228733824527765157e-03
-1.546647909082957462e+00
-1.235940035284426031e-03
-1.551223343832208723e+00
-1.243212773065121516e-03
-1.555827108622775956e+00
-1.250552894289962656e-03
-1.560459477761352520e+00
-1.257961269741356136e-03
-1.565120729234177999e+00
-1.265438784864136162e-03
-1.569811144770949074e+00
-1.272986340073272316e-03
-1.574531009910096646e+00
-1.280604851069366097e-03
-1.579280614065480037e+00
-1.288295249162174031e-03
-1.584060250594526487e+00
-1.296058481602408016e-03
-1.588870216867857899e+00
-1.303895511922045346e-03
-1.593710814340436155e+00
-1.311807320283412109e-03
-1.598582346142338073e+00
-1.319794917180901325e-03
-1.603485127169908431e+00
-1.327859290121630306e-03
-1.608419469000546886e+00
-1.336001485004473504e-03
-1.613385690170023423e+00
-1.344222552189122070e-03
-1.618384113678503988e+00
-1.352523560552338928e-03
-1.623415067071734441e+00
-1.360905597895640260e-03
-1.628478882524050153e+00
-1.369369771363816842e-03
-1.633575896923273429e+00
-1.377917207874661916e-03
-1.638706451957543164e+00
-1.386549054560232141e-03
-1.643870894204124689e+00
-1.395266479220020478e-03
-1.649069575220270645e+00
-1.404070670786430625e-03
-1.654302851636172189e+00
-1.412962839802920159e-03
-1.659571085250067135e+00
-1.421944218915246246e-03
-1.664874643125566767e+00
-1.431016063376218134e-03
-1.670213897691255500e+00
-1.440179651564408095e-03
-1.675589226842638668e+00
-1.449436285517265556e-03
-1.681001014046494157e+00
-1.458787291479115818e-03
-1.686449648447703176e+00
-1.468234020464528411e-03
-1.691935524978629424e+00
-1.477777848837565121e-03
-1.697459044471114620e+00
-1.487420178907431553e-03
-1.703020613771178970e+00
-1.497162439541097111e-03
-1.708620645856486320e+00
-1.507006086793428751e-03
-1.714259559956675893e+00
-1.516952604555455407e-03
-1.719937781676622368e+00
-1.527003505221359190e-03
-1.725655743122727959e+00
-1.537160330374841505e-03
-1.731413883032334233e+00
-1.547424651495538442e-03
-1.737212646906328484e+00
-1.557798070686148553e-03
-1.743052487145067886e+00
-1.568282221421025448e-03
-1.748933863187699611e+00
-1.578878769316960969e-03
-1.754857241654985689e+00
-1.589589412926939362e-03
-1.760823096495745421e+00
-1.600415884557680572e-03
-1.766831909137016154e+00
-1.611359951111810112e-03
-1.772884168638051872e+00
-1.622423414955525677e-03
-1.778980371848276398e+00
-1.633608114812689673e-03
-1.785121023569312460e+00
-1.644915926686272688e-03
-1.791306636721218926e+00
-1.656348764808175753e-03
-1.797537732513062814e+00
-1.667908582618424056e-03
-1.803814840617957715e+00
-1.679597373774832387e-03
-1.810138499352726971e+00
-1.691417173194256426e-03
-1.816509255862319261e+00
-1.703370058126598644e-03
-1.822927666309141159e+00
-1.715458149262784641e-03
-1.829394296067462289e+00
-1.727683611877989722e-03
-1.835909719923051853e+00
-1.740048657011431920e-03
-1.842474522278224836e+00
-1.752555542684120556e-03
-1.849089297362469297e+00
-1.765206575156005788e-03
-1.855754649448839277e+00
-1.778004110224042696e-03
-1.862471193076307152e+00
-1.790950554562728775e-03
-1.869239553278269517e+00
-1.804048367108783413e-03
-1.876060365817415310e+00
-1.817300060491670692e-03
-1.882934277427167569e+00
-1.830708202511768974e-03
-1.889861946059923525e+00
-1.844275417668068354e-03
-1.896844041142327519e+00
-1.858004388737362735e-03
-1.903881243837813653e+00
-1.871897858406983920e-03
-1.910974247316660879e+00
-1.885958630963228575e-03
-1.918123757033838306e+00
-1.900189574037735359e-03
-1.925330491014902723e+00
-1.914593620414163210e-03
-1.932595180150225911e+00
-1.929173769897637135e-03
-1.939918568497853713e+00
-1.943933091249540161e-03
-1.947301413595301067e+00
-1.958874724190365433e-03
-1.954744486780599200e+00
-1.974001881473459730e-03
-1.962248573522932471e+00
-1.989317851032629779e-03
-1.969814473763206397e+00
-2.004825998206736896e-03
-1.977443002264912320e+00
-2.020529768044542103e-03
-1.985134988975663539e+00
-2.036432687693227796e-03
-1.992891279399793270e+00
-2.052538368874206806e-03
-2.000712734982432739e+00
-2.068850510450003129e-03
-2.008600233505490884e+00
-2.085372901086153877e-03
-2.016554669495985053e+00
-2.102109422012323099e-03
-2.024576954647185900e+00
-2.119064049886998976e-03
-2.032668018253068976e+00
-2.136240859770377042e-03
-2.040828807656581922e+00
-2.153644028210293174e-03
-2.049060288712260647e+00
-2.171277836446280831e-03
-2.057363446263742013e+00
-2.189146673737121102e-03
-2.065739284636766815e+00
-2.207255040817527290e-03
-2.074188828148280539e+00
-2.225607553489918934e-03
-2.082713121632258968e+00
-2.244208946357518098e-03
-2.091313230982938975e+00
-2.263064076705393734e-03
-2.099990243716147287e+00
-2.282177928536380414e-03
-2.108745269549450629e+00
-2.301555616769213226e-03
-2.117579441001911977e+00
-2.321202391606616566e-03
-2.126493914014237596e+00
-2.341123643081487442e-03
-2.135489868590169316e+00
-2.361324905789807457e-03
-2.144568509460000438e+00
-2.381811863819367769e-03
-2.153731066767136770e+00
-2.402590355883911337e-03
-2.162978796778690871e+00
-2.423666380672865727e-03
-2.172312982621107835e+00
-2.445046102427381879e-03
-2.181734935041912848e+00
-2.466735856754050799e-03
-2.191245993198701392e+00
-2.488742156688321557e-03
-2.200847525476547162e+00
-2.511071699020305317e-03
-2.210540930335083587e+00
-2.533731370896494944e-03
-2.220327637186557901e+00
-2.556728256711616673e-03
-2.230209107306242444e+00
-2.580069645305780104e-03
-2.240186834776642932e+00
-2.603763037482964039e-03
-2.250262347467034463e+00
-2.627816153867836707e-03
-2.260437208049930202e+00
-2.652236943119000954e-03
-2.270713015056176509e+00
-2.677033590517835255e-03
-2.281091403970452625e+00
-2.702214526953302266e-03
-2.291574048369067196e+00
-2.727788438324394230e-03
-2.302162661102026497e+00
-2.753764275383237172e-03
-2.312858995521472671e+00
-2.780151264043356427e-03
-2.323664846758707547e+00
-2.806958916179205440e-03
-2.334582053052134842e+00
-2.834197040944688283e-03
-2.345612497128589435e+00
-2.861875756640315342e-03
-2.356758107640664512e+00
-2.890005503160498687e-03
-2.368020860662801930e+00
-2.918597055054681939e-03
-2.379402781249071008e+00
-2.947661535238170483e-03
-2.390905945055712856e+00
-2.977210429391033246e-03
-2.402532480031751128e+00
-3.007255601086030253e-03
-2.414284568181121582e+00
-3.037809307689347781e-03
-2.426164447400021906e+00
-3.068884217080997297e-03
-2.438174413393374262e+00
-3.100493425244993904e-03
-2.450316821674551893e+00
-3.132650474782960621e-03
-2.462594089652773821e+00
-3.165369374408707505e-03
-2.475008698812850128e+00
-3.198664619485413422e-03
-2.487563196992236936e+00
-3.232551213671577134e-03
-2.500260200760712870e+00
-3.267044691746723035e-03
-2.513102397908286267e+00
-3.302161143693141225e-03
-2.526092550047335017e+00
-3.337917240115643655e-03
-2.539233495335369462e+00
-3.374330259087504093e-03
-2.552528151325224037e+00
-3.411418114517513790e-03
-2.565979517949940281e+00
-3.449199386140341071e-03
-2.579590680650091006e+00
-3.487693351240391416e-03
-2.593364813651826140e+00
-3.526920018227991827e-03
-2.607305183404494464e+00
-3.566900162196178815e-03
-2.621415152187291042e+00
-3.607655362596631950e-03
-2.635698181895068437e+00
-3.649208043184552427e-03
-2.650157838014138179e+00
-3.691581514394475568e-03
-2.664797793799696279e+00
-3.734800018322514438e-03
-2.679621834667308633e+00
-3.778888776505084836e-03
-2.694633862811849134e+00
-3.823874040700293072e-03
-2.709837901797161663e+00
-3.869783163658457783e-03
-2.725238102848911659e+00
-3.916644584930597389e-03
-2.740838748321767326e+00
-3.964488007524392087e-03
-2.756644258797448455e+00
-4.013344380049526858e-03
-2.772659198684017223e+00
-4.063245988840283145e-03
-2.788888282541812202e+00
-4.114226532200228673e-03
-2.805336381763354758e+00
-4.166321199695512470e-03
-2.822008531631363226e+00
-4.219566756903748127e-03
-2.838909938780968645e+00
-4.274001636063460077e-03
-2.856045989094347259e+00
-4.329666033111074890e-03
-2.873422256058304924e+00
-4.386602011639038554e-03
-2.891044509617929137e+00
-4.444853614360221028e-03
-2.908918725562173790e+00
-4.504466982721074160e-03
-2.927051095480373455e+00
-4.565490485369804417e-03
-2.945448037332104363e+00
-4.627974856207372339e-03
-2.964116206675797116e+00
-4.691973343221946847e-03
-2.983062508608226970e+00
-4.757541868017699932e-03
-3.002294110466246835e+00
-4.824739198803015480e-03
-3.021818455353714850e+00
-4.893627136268943398e-03
-3.041643276556775355e+00
-4.964270714667706752e-03
-3.061776612919444140e+00
-5.036738419162167454e-03
-3.082226825257376568e+00
-5.111102421066255827e-03
-3.103002613895380790e+00
-5.187438832722813392e-03
-3.124113037422527661e+00
-5.265827983962827717e-03
-3.145567532767987284e+00
-5.346354722313216394e-03
-3.167375936711137818e+00
-5.429108739373023074e-03
-3.189548508950954542e+00
-5.514184926063652945e-03
-3.212095956872688340e+00
-5.601683759783722578e-03
-3.235029463142224060e+00
-5.691711808514761557e-03
-3.258360711003573051e+00
-5.784381906586854097e-03
-3.282101919537259604e+00
-5.879814043708477510e-03
-3.306265874282639849e+00
-5.978135686447684158e-03
-3.330865963738935065e+00
-6.079482438661923394e-03
-3.355916218170111431e+00
-6.183998708818021217e-03
-3.381431351598041424e+00
-6.291838444367640892e-03
-3.407426807304258176e+00
-6.403165941184440005e-03
-3.433918807198785395e+00
-6.518156737181033875e-03
-3.460924405458071451e+00
-6.636998600513020242e-03
-3.488461546883706799e+00
-6.759892624275122899e-03
-3.516549130490452590e+00
-6.887054441339663692e-03
-3.545207078897298469e+00
-7.018715575026186412e-03
-3.574456414170061880e+00
-7.155124943678568133e-03
-3.604319340850500986e+00
-7.296550540031535720e-03
-3.634819337006460316e+00
-7.443281309553030287e-03
-3.665981254253148691e+00
-7.595629255855282716e-03
-3.697831427829870954e+00
-7.753931805899082208e-03
-3.730397797972709206e+00
-7.918554473224816495e-03
-3.763710044006513211e+00
-8.089893864022135866e-03
-3.797799732793581740e+00
-8.268381078729687694e-03
-3.832700483428407523e+00
-8.454485571334191193e-03
-3.868448150365175309e+00
-8.648719539980384216e-03
-3.905081027516840830e+00
-8.851642936375522103e-03
-3.942640076283439932e+00
-9.063869198362335677e-03
-3.981169180967082610e+00
-9.286071830691172008e-03
-4.020715435630245693e+00
-9.518991984405167708e-03
-4.061329467175284869e+00
-9.763447216596733355e-03
-4.103065800295223831e+00
-1.002034165119942977e-02
-4.145983271005777127e+00
-1.029067781003475957e-02
-4.190145496762762711e+00
-1.057557044427634776e-02
-4.235621412757956783e+00
-1.087626277344758141e-02
-4.282486888239791512e+00
-1.119420309409753338e-02
-4.330821686762060807e+00
-1.153085409306517026e-02
-4.380715579866681253e+00
-1.188802045206454813e-02
-4.432265944585955353e+00
-1.226769215936735283e-02
-4.485579662125267930e+00
-1.267212855568091052e-02
-4.540774407860071804e+00
-1.310390583013517143e-02
-4.597980169827386554e+00
-1.356597500459729398e-02
-4.657341046550175889e+00
-1.406173323286776487e-02
-4.719017388880502040e+00
-1.459511215388331271e-02
-4.783188368927257628e+00
-1.517068829869746074e-02
-4.850055083802953249e+00
-1.579382231488194246e-02
-4.919844335437158378e+00
-1.647083627441969442e-02
-4.992813273835876586e+00
-1.720924193531304242e-02
-5.069255155587157446e+00
-1.801803810424743371e-02
-5.149506560805608757e+00
-1.890810311507562513e-02
-5.233956543635242653e+00
-1.989272040271268527e-02
-5.323058385567115636e+00
-2.098829375326851515e-02
-5.417345133186561412e+00
-2.221535369918017228e-02
-5.517449089164154330e+00
-2.359990406092841303e-02
-5.624130309843581088e+00
-2.517552756716944298e-02
-5.738313682589451403e+00
-2.698635514201918120e-02
-5.861142471294590095e+00
-2.909170241366673682e-02
-5.994056006991424823e+00
-3.157342332915996641e-02
-6.138906733673437977e+00
-3.454811518159591616e-02
-6.298144071213878092e+00
-3.818845511282517591e-02
-6.475118475135098528e+00
-4.276295683676149123e-02
-6.674646207589297831e+00
-4.872410149211709590e-02
-6.903984876503242774e+00
-5.687604952715261120e-02
-7.175196292215895610e+00
-6.889043363165985034e-02
-7.511064876843144944e+00
-8.896941541729194713e-02
-7.966251056032086275e+00
-1.325858536597360748e-01
-8.740401939015413291e+00
-3.772801597416220454e-01
-9.058268914978178543e+00
-1.278876380328966000e+00
-9.045344696972954068e+00
-1.866571907976910527e+00
-8.997365429426144701e+00
-2.331677647826556399e+00
-8.933704218194664648e+00
-2.736165861295578594e+00
-8.858802963583571000e+00
-3.104203851602598707e+00
-8.773732710104869881e+00
-3.447974271039518701e+00
-8.678540231394066495e+00
-3.774614883961455281e+00
-8.572752575041313605e+00
-4.088682604348766070e+00
-8.455596733922543962e+00
-4.393198638541833567e+00
-8.326072637441752633e+00
-4.690329652519666048e+00
-8.182832505559492375e+00
-4.981439364603984288e+00
-8.024555234683468541e+00
-5.267650968225838781e+00
-7.849430078616787654e+00
-5.549324655093266223e+00
-7.655451747597828316e+00
-5.826694849232026741e+00
-7.440232003168395281e+00
-6.099561844714794567e+00
-7.200917890450062586e+00
-6.367323711691425636e+00
-6.934025944420721288e+00
-6.628926589931829483e+00
-6.635248640883611770e+00
-6.882662740408410862e+00
-6.299006801766397601e+00
-7.126034900659644400e+00
-5.917777937137027600e+00
-7.355290331705906404e+00
-5.480723876212854506e+00
-7.564605477537592826e+00
-4.970675693761227976e+00
-7.744171225473235332e+00
-4.356192780365693018e+00
-7.874568286364617364e+00
-3.563101654020796261e+00
-7.901146022747330910e+00
-2.428096389938428246e+00
-7.386361898529779424e+00
-2.304501132967319954e+00
-6.377766649062626136e+00
-2.375931531360607973e+00
-5.866074781772558921e+00
-2.444325776504221892e+00
-5.513013732614346907e+00
-2.506630595113425564e+00
-5.240710823279495223e+00
-2.564373346140028431e+00
-5.018703295756517413e+00
-2.618888631342645823e+00
-4.831467221033409309e+00
-2.671172159515794231e+00
-4.669885822400439146e+00
-2.721895466678855513e+00
-4.528112863755064055e+00
-2.771608311332158792e+00
-4.402085968209873634e+00
-2.820689244832380815e+00
-4.288935710035101323e+00
-2.869446306220243770e+00
-4.186503545591426345e+00
-2.918130828123234988e+00
-4.093139969019643054e+00
-2.966948313283331196e+00
-4.007551672154431088e+00
-3.016069267795952857e+00
-3.928703497402780354e+00
-3.065639584860871736e+00
-3.855762719636774083e+00
-3.115808425359240186e+00
-3.788044388037660859e+00
-3.166694769813919841e+00
-3.724944396602085650e+00
-3.218386203542683788e+00
-3.666008740957516387e+00
-3.271031259567080962e+00
-3.610796170336250110e+00
-3.324685421809105534e+00
-3.558988691396986148e+00
-3.379475473199612612e+00
-3.510231149651508176e+00
-3.435510014584300720e+00
-3.464303356280579393e+00
-3.492846187614772724e+00
-3.420962942957049613e+00
-3.551609743508359340e+00
-3.379993020722150021e+00
-3.611889511307028844e+00
-3.341221424533280526e+00
-3.673789075328180775e+00
-3.304496918740530642e+00
-3.737424039931184883e+00
-3.269667806851526581e+00
-3.802877418079399163e+00
-3.236606427578853751e+00
-3.870289769910727706e+00
-3.205217947474737095e+00
-3.939750700387029347e+00
-3.175376774712040273e+00
-4.011416164355909864e+00
-3.147014756856386430e+00
-4.085379063148272927e+00
-3.120039990656077400e+00
-4.161815087278128544e+00
-3.094372198471809110e+00
-4.240841434427635726e+00
-3.069970489484035170e+00
-4.322627162027292691e+00
-3.046740044433908778e+00
-4.407338168659157063e+00
-3.024665917880569488e+00
-4.495143322570839040e+00
-3.003664414753437928e+00
-4.586235197160009491e+00
-2.983725475858620690e+00
-4.680822327879524458e+00
-2.964786961614850114e+00
-4.779107352239202910e+00
-2.946823452358081408e+00
-4.881328787889812837e+00
-2.929809475622205728e+00
-4.987736782131198865e+00
-2.913717052472768465e+00
-5.098596378288275055e+00
-2.898525036331418558e+00
-5.214192428978080329e+00
-2.884211769152408955e+00
-5.334838734890464451e+00
-2.870765436688193617e+00
-5.460861570308711777e+00
-2.858173225117346838e+00
-5.592616661607226369e+00
-2.846428302651027753e+00
-5.730483773613792131e+00
-2.835524604626614043e+00
-5.874866980876993772e+00
-2.825461175082695231e+00
-6.026194386505033584e+00
-2.816238278386219651e+00
-6.184915187015501914e+00
-2.807859172183948537e+00
-6.351494829261790542e+00
-2.800328637614185823e+00
-6.526404187620668651e+00
-2.793651811375748473e+00
-6.710101897999136256e+00
-2.787831986843941845e+00
-6.903003095607203043e+00
-2.782866577230670657e+00
-7.105425381380984007e+00
-2.778739760313253981e+00
-7.317492929279177716e+00
-2.775406618613946552e+00
-7.538965768678835389e+00
-2.772774708161061863e+00
-7.768899560807335902e+00
-2.770624331953544406e+00
-8.004968472514438105e+00
-2.768485803040051429e+00
-8.241872671785566595e+00
-2.765233514204463283e+00
-8.466980055870999777e+00
-2.757700881399440807e+00
-8.643983607992936413e+00
-2.733008994581835882e+00
-8.638534680631957841e+00
-2.522148096574623022e+00
-9.104816674264213816e+00
-1.932644907523093147e+00
-9.795981339505260621e+00
-1.599433641007829809e+00
-1.055622866487654932e+01
-1.366622437915265387e+00
-1.138360154714377792e+01
-1.190360726233198552e+00
-1.228697431112395222e+01
-1.053046575149076514e+00
-1.327973037463018002e+01
-9.458091316925940628e-01
-1.437944029759750642e+01
-8.637958147207924764e-01
-1.560877820091282331e+01
-8.044833366643149297e-01
-1.699720490743279910e+01
-7.670306308737910861e-01
-1.858357844542841875e+01
-7.521267230950908766e-01
-2.042016776999219374e+01
-7.621916477706742743e-01
-2.257896478953112052e+01
-8.019747179945200255e-01
-2.516195708215952109e+01
-8.797739369626113026e-01
-2.831857833471083907e+01
-1.009814724188296209e+00
-3.227694033943298990e+01
-1.217040267767875328e+00
-3.740344033606289997e+01
-1.547417437187786682e+00
-4.432610803139332489e+01
-2.092277348082497657e+00
-5.421814813471186767e+01
-3.053525306578680709e+00
-6.954983783686871845e+01
-4.951796798860160997e+00
-9.654133674152501499e+01
-9.489425197363814846e+00
-1.563144650783256395e+02
-2.513677897589000310e+01
-3.736400812655454615e+02
-1.678266186517132894e+02
4.273511158844654005e+02
-2.405308379517757658e+02
1.678223473451705274e+02
-2.907850267609167361e+01
1.009193677838956802e+02
-1.036786472366671319e+01
7.183189481050358438e+01
-5.271873852322348064e+00
5.562640589813222647e+01
-3.199879961500837755e+00
4.529510901284228908e+01
-2.165405757047168311e+00
3.812591187376497714e+01
-1.581598873469401534e+00
3.285174081802708201e+01
-1.225490407952980698e+00
2.880196907483001922e+01
-9.974534240028374299e-01
2.558855152172676739e+01
-8.476345869471757499e-01
2.297135427148488063e+01
-7.489467782323030454e-01
2.079373823949328326e+01
-6.857699846579297098e-01
1.894906450728503700e+01
-6.487431338675906378e-01
1.736207669854355728e+01
-6.321911960840589373e-01
1.597796011313344877e+01
-6.328102375950261926e-01
1.475558176558171475e+01
-6.490304922656631170e-01
1.366308717251873261e+01
-6.808366062430303289e-01
1.267480001385748878e+01
-7.300809043972394941e-01
1.176867214194697731e+01
-8.017484810358873615e-01
1.092336012370420661e+01
-9.082855843842132515e-01
1.011378297641712898e+01
-1.091167743665327317e+00
9.498915686974202188e+00
-1.519786604644485672e+00
9.192797880625796836e+00
-1.711258420691514237e+00
8.859874329213981881e+00
-1.797798801880390540e+00
8.530190876815940015e+00
-1.853429624140081389e+00
8.213508224557198645e+00
-1.894004434064662012e+00
7.912812837996909821e+00
-1.925705784963555711e+00
7.628652564132377023e+00
-1.951647156323793597e+00
7.360625785867278559e+00
-1.973591483275232594e+00
7.107916484023827586e+00
-1.992658296958925934e+00
6.869548906014275147e+00
-2.009581104618217484e+00
6.644523926829846161e+00
-2.024873778844474614e+00
6.431862851443845841e+00
-2.038911952264851557e+00
6.230636312462357829e+00
-2.051975680930262946e+00
6.039977905604282604e+00
-2.064279261178835423e+00
5.859083936096515899e+00
-2.075991404688717346e+00
5.687217917756846042e+00
-2.087247417366549396e+00
5.523701851527437867e+00
-2.098162451913232029e+00
5.367915748354647576e+00
-2.108825478310627055e+00
5.219292125041959274e+00
-2.119317512651877067e+00
5.077307428858564009e+00
-2.129708237421285677e+00
4.941482282846891394e+00
-2.140058152495560861e+00
4.811375587885676985e+00
-2.150422620116624550e+00
4.686580489772213198e+00
-2.160852922899481943e+00
4.566721176333591536e+00
-2.171396646813190667e+00
4.451448057436586225e+00
-2.182099802457579063e+00
4.340436917131467176e+00
-2.193007362033061014e+00
4.233384333999269167e+00
-2.204164198484737103e+00
4.130005677157658539e+00
-2.215616130733530031e+00
4.030032536982658620e+00
-2.227410721946406102e+00
3.933209329907098706e+00
-2.239597229475063678e+00
3.839292692148773334e+00
-2.252230293367661673e+00
3.748048402677368607e+00
-2.265369021527121607e+00
3.659242306375676712e+00
-2.279077988175109759e+00
3.572654218840383145e+00
-2.293432950662395609e+00
3.488051927091114557e+00
-2.308515038638824901e+00
3.405208049602501230e+00
-2.324421053168550078e+00
3.323875718669691004e+00
-2.341273800335689881e+00
3.243797984644166910e+00
-2.359206101546591494e+00
3.164689409818953081e+00
-2.378407873021023189e+00
3.086217691947654274e+00
-2.399089631609239159e+00
3.008004659636901668e+00
-2.421537907533381162e+00
2.929560588626259232e+00
-2.446144598212993237e+00
2.850252040559443145e+00
-2.473455417244557530e+00
2.769186484046450403e+00
-2.504291160105676539e+00
2.685003222375575760e+00
-2.539985022839417628e+00
2.595378247783688419e+00
-2.582999801377370286e+00
2.495637411520185367e+00
-2.638978816757298507e+00
2.373907810358151238e+00
-2.729388327446264473e+00
2.323379282738391893e+00
-2.933367469164700037e+00
2.370653644029083296e+00
-3.046481678181629515e+00
2.407804998090256277e+00
-3.118805953648505103e+00
2.438958289843989657e+00
-3.173501248456972235e+00
2.466484393103837824e+00
-3.217382584796690370e+00
2.491607184938887443e+00
-3.253586331635204498e+00
2.514997656952456140e+00
-3.283857260794345478e+00
2.537093204752866260e+00
-3.309332953717748715e+00
2.558165510480534977e+00
-3.330787474618787325e+00
2.578396654546033950e+00
-3.348788480164811343e+00
2.597913687785125880e+00
-3.363771438152149074e+00
2.616805883268514155e+00
-3.376081066098780337e+00
2.635137411598919677e+00
-3.385998673606606779e+00
2.652955581046389177e+00
-3.393758321031154601e+00
2.670296115506868073e+00
-3.399559797237450276e+00
2.687182701572468080e+00
-3.403574108213750726e+00
2.703638918147786452e+00
-3.405950887759044754e+00
2.719677389998166106e+00
-3.406820495451024833e+00
2.735310547329963704e+00
-3.406302082165985290e+00
2.750549205969350819e+00
-3.404500744620749142e+00
2.765401370266830750e+00
-3.401512060793499437e+00
2.779871114326687653e+00
-3.397422350042061723e+00
2.793966083194286742e+00
-3.392304282016050276e+00
2.807697174915262828e+00
-3.386240388397459888e+00
2.821057226691669584e+00
-3.379284845069780108e+00
2.834059991647061683e+00
-3.371513930321020869e+00
2.846712924249272803e+00
-3.362970979165028407e+00
2.859012857960624654e+00
-3.353709867538698930e+00
2.870965103318400491e+00
-3.343783579831068220e+00
2.882569557364986323e+00
-3.333235926165506680e+00
2.893841601755924309e+00
-3.322109407406315995e+00
2.904782240257123949e+00
-3.310442670505385099e+00
2.915392656664467452e+00
-3.298273216231276006e+00
2.925679439807153503e+00
-3.285635173369055639e+00
2.935647331550472305e+00
-3.272560847139256435e+00
2.945301151022345909e+00
-3.259080536609094469e+00
2.954645788361135228e+00
-3.245222682933195824e+00
2.963686196923048133e+00
-3.231014003028282566e+00
2.972427385348483497e+00
-3.216479610752609020e+00
2.980874407757160061e+00
-3.201643127366288866e+00
2.989032355525242046e+00
-3.186526781952482956e+00
2.996906347571019147e+00
-3.171151503168077923e+00
3.004501521534641562e+00
-3.155537003886812020e+00
3.011823025131552534e+00
-3.139701858915642685e+00
3.018876007238665338e+00
-3.123663576160131683e+00
3.025665611666786603e+00
-3.107438662116833061e+00
3.032196967223599771e+00
-3.091042685431708126e+00
3.038475183912596300e+00
-3.074490330058462728e+00
3.044505342958029104e+00
-3.057795450105837531e+00
3.050292493404567207e+00
-3.040971118983586408e+00
3.055841645995379885e+00
-3.024029674017422398e+00
3.061157767604636426e+00
-3.006982758996038285e+00
3.066245777665866701e+00
-2.989841363077642811e+00
3.071110545699935024e+00
-2.972615861035340146e+00
3.075756879432367086e+00
-2.955316046046849277e+00
3.080189536594993172e+00
-2.937951157330728424e+00
3.084413202691782985e+00
-2.920529920859306294e+00
3.088432509256144876e+00
-2.903060571623715003e+00
3.092252016477693655e+00
-2.885550876591503222e+00
3.095876214938368953e+00
-2.868008167795331076e+00
3.099309526531538683e+00
-2.850439363044954266e+00
3.102556302019008783e+00
-2.832850986528065107e+00
3.105620821769769613e+00
-2.815249189872522262e+00
3.108507295671862458e+00
-2.797639778415871525e+00
3.111219846735139072e+00
-2.780028227056991597e+00
3.113762534440579266e+00
-2.762419672185461028e+00
3.116139351074323827e+00
-2.744818991319585511e+00
3.118354193215131964e+00
-2.727230731262451524e+00
3.120410896746206753e+00
-2.709659222785257171e+00
3.122313236120102253e+00
-2.692108498539937944e+00
3.124064882612288763e+00
-2.674582361713087497e+00
3.125669446338115165e+00
-2.657084400101442867e+00
3.127130470749550195e+00
-2.639617977758897727e+00
3.128451424408215775e+00
-2.622186250203546010e+00
3.129635701388300717e+00
-2.604792179829602539e+00
3.130686619632857770e+00
-2.587438544495814341e+00
3.131607423547643876e+00
-2.570127935633647720e+00
3.132401311450227155e+00
-2.552862769054940806e+00
3.133071422007124518e+00
-2.535645351042016049e+00
3.133620740192901266e+00
-2.518477815377452966e+00
3.134052297695339107e+00
-2.501362072635318068e+00
3.134368988793062805e+00
-2.484300073418572286e+00
3.134573673827837581e+00
-2.467293413596825413e+00
3.134669100938210384e+00
-2.450343803621564565e+00
3.134658082063742413e+00
-2.433452647568945970e+00
3.134543184645115055e+00
-2.416621294426158251e+00
3.134327026121253468e+00
-2.399851078296324047e+00
3.134012197406802702e+00
-2.383143145027417198e+00
3.133601176594166482e+00
-2.366498531620496948e+00
3.133096373438941651e+00
-2.349918214232263214e+00
3.132500153526111664e+00
-2.333403093399556205e+00
3.131814833066993486e+00
-2.316953984233086850e+00
3.131042673944630206e+00
-2.300571617121227597e+00
3.130185889101312569e+00
-2.284256640098206059e+00
3.129246657700042178e+00
-2.268009631424174000e+00
3.128227121682823686e+00
-2.251831137715543107e+00
3.127129315097029405e+00
-2.235721682857278569e+00
3.125955145197969465e+00
-2.219681631113804343e+00
3.124706651510372080e+00
-2.203711179132455733e+00
3.123385906442890381e+00
-2.187810783379501078e+00
3.121994493287839845e+00
-2.171980729179045166e+00
3.120534457224805713e+00
-2.156220918134548192e+00
3.119007538609160690e+00
-2.140531907078922380e+00
3.117415388986572999e+00
-2.124913339256178979e+00
3.115759852088684667e+00
-2.109365744382243335e+00
3.114042509195309449e+00
-2.093888636452253760e+00
3.112264892494036594e+00
-2.078482487852379546e+00
3.110428908125840497e+00
-2.063146881455283133e+00
3.108535659800413686e+00
-2.047881762322340649e+00
3.106586915743990929e+00
-2.032687306402705563e+00
3.104584294716721260e+00
-2.017563046133959315e+00
3.102528957506148100e+00
-2.002508740447433766e+00
3.100422281210229780e+00
-1.987524398610974297e+00
3.098265806208796214e+00
-1.972609817205802640e+00
3.096060930451492332e+00
-1.957764616810222291e+00
3.093808905650620389e+00
-1.942988437638698551e+00
3.091510950731878538e+00
-1.928280974382825530e+00
3.089168295442337175e+00
-1.913641923873000916e+00
3.086782165855970206e+00
-1.899070950628829912e+00
3.084353763823676431e+00
-1.884567684110156183e+00
3.081884258046467373e+00
-1.870131727514771747e+00
3.079374782835583968e+00
-1.855762665047603344e+00
3.076826438562576982e+00
-1.841460064334079938e+00
3.074240292186228185e+00
-1.827223473832321865e+00
3.071617380905628636e+00
-1.813052416077204132e+00
3.068958724474673438e+00
-1.798946381657193117e+00
3.066265346624046373e+00
-1.784904836663357530e+00
3.063538287563319695e+00
-1.770927257125609389e+00
3.060778570359564021e+00
-1.757013175987550246e+00
3.057987112144115116e+00
-1.743162174517309815e+00
3.055164676585533812e+00
-1.729373756102351445e+00
3.052312018429157447e+00
-1.715647210795683941e+00
3.049430130960830709e+00
-1.701981748025183094e+00
3.046520154695784299e+00
-1.688376869586301288e+00
3.043582869474726227e+00
-1.674832337096503254e+00
3.040618669375463767e+00
-1.661347516146604475e+00
3.037628384758001232e+00
-1.647921319157308107e+00
3.034613312265221907e+00
-1.634553212516163478e+00
3.031574014999281808e+00
-1.621243119993940551e+00
3.028510681604319466e+00
-1.607990059231216406e+00
3.025424550831742998e+00
-1.594792915665316446e+00
3.022316599541990279e+00
-1.581651720440513609e+00
3.019186723352559554e+00
-1.568565783934806612e+00
3.016035975014668580e+00
-1.555533690927397350e+00
3.012865490117302869e+00
-1.542555475813294441e+00
3.009675008113313233e+00
-1.529630484365952947e+00
3.006465625963497423e+00
-1.516757216485626669e+00
3.003238338025580489e+00
-1.503935828180315015e+00
2.999992795608014795e+00
-1.491165382106780513e+00
2.996730345114395622e+00
-1.478444537469438602e+00
2.993451537802471307e+00
-1.465773547082206196e+00
2.990156180930517937e+00
-1.453151009932023507e+00
2.986845799239289612e+00
-1.440576041076546021e+00
2.983520370578863101e+00
-1.428048699533051025e+00
2.980180162569732616e+00
-1.415567267715632571e+00
2.976826541033039231e+00
-1.403131399476981622e+00
2.973459121919322712e+00
-1.390740667989623036e+00
2.970078666627190778e+00
-1.378393394078932355e+00
2.966686135934887059e+00
-1.366089523181636789e+00
2.963281121644226523e+00
-1.353828168143706767e+00
2.959864616929309022e+00
-1.341607870924672152e+00
2.956437262006630817e+00
-1.329428564607963992e+00
2.952998762649176712e+00
-1.317289176557379538e+00
2.949550054234874708e+00
-1.305188363980082311e+00
2.946091727219897205e+00
-1.293125892110912112e+00
2.942623573822769067e+00
-1.281100797945609271e+00
2.939146243302038997e+00
-1.269111695700317899e+00
2.935660470951654055e+00
-1.257158031152931565e+00
2.932166251407983815e+00
-1.245239124346868564e+00
2.928663785533977659e+00
-1.233353686443999564e+00
2.925153737981514013e+00
-1.221500651664472636e+00
2.921636556015945629e+00
-1.209679315746629458e+00
2.918112373837170814e+00
-1.197888805537548729e+00
2.914581404631038097e+00
-1.186127984582665551e+00
2.911044045616568710e+00
-1.174395723548897097e+00
2.907500709471681599e+00
-1.162691010438022809e+00
2.903951720986482243e+00
-1.151012863034160283e+00
2.900397345051273224e+00
-1.139360245798475502e+00
2.896837839941993842e+00
-1.127732062411850311e+00
2.893273476402243194e+00
-1.116127180257987295e+00
2.889704531432753853e+00
-1.104544446791063006e+00
2.886131278254827404e+00
-1.092982692249003795e+00
2.882553981398363163e+00
-1.081440727056759421e+00
2.878972897608231385e+00
-1.069917339763738928e+00
2.875388282283805275e+00
-1.058411294626233179e+00
2.871800398489596340e+00
-1.046921321163714724e+00
2.868209512086480117e+00
-1.035446089969480399e+00
2.864615848656501651e+00
-1.023984202700489288e+00
2.861019556749484938e+00
-1.012534262954733588e+00
2.857420827019451437e+00
-1.001094955315527057e+00
2.853820019393411123e+00
-9.896648401189611644e-01
2.850217313172697331e+00
-9.782422295535891932e-01
2.846612758906811536e+00
-9.668257110723971204e-01
2.843006781425112983e+00
-9.554136707974005827e-01
2.839399361714368908e+00
-9.440043599218890247e-01
2.835790872613801472e+00
-9.325961752086533441e-01
2.832181320371085498e+00
-9.211872683157590336e-01
2.828571033056253459e+00
-9.097757860883571857e-01
2.824960109988604362e+00
-8.983599009058516049e-01
2.821348692289767257e+00
-8.869375623100834716e-01
2.817736980235923561e+00
-8.755067007501943221e-01
2.814125132715856736e+00
-8.640651873893330226e-01
2.810513291494836974e+00
-8.526107863396858999e-01
2.806901599593050189e+00
-8.411411571281056654e-01
2.803290200218749195e+00
-8.296538517477769492e-01
2.799679227945223836e+00
-8.181463020821673204e-01
2.796068795647366656e+00
-8.066158244657062326e-01
2.792459031524303636e+00
-7.950596289350979617e-01
2.788850076874505923e+00
-7.834747285643375303e-01
2.785242006666203807e+00
-7.718580190919630546e-01
2.781634955617545479e+00
-7.602062020197254411e-01
2.778029008456355697e+00
-7.485158199735010287e-01
2.774424254493692121e+00
-7.367831876867765306e-01
2.770820782415818861e+00
-7.250044089753479026e-01
2.767218668750742960e+00
-7.131753465163002126e-01
2.763617979809787961e+00
-7.012915965966584064e-01
2.760018775685735726e+00
-6.893484661242892386e-01
2.756421110242373906e+00
-6.773409317114833517e-01
2.752825016909444145e+00
-6.652636200219026463e-01
2.749230527365527976e+00
-6.531107574943554317e-01
2.745637656063963483e+00
-6.408761344424807049e-01
2.742046403431531942e+00
-6.285530479619776401e-01
2.738456754579924546e+00
-6.161342451472162640e-01
2.734868675041114194e+00
-6.036118553608882387e-01
2.731282110971921639e+00
-5.909773120999743945e-01
2.727696982965666983e+00
-5.782212581966393872e-01
2.724113184084756334e+00
-5.653334388447278647e-01
2.720530573961480236e+00
-5.523025728041242033e-01
2.716948973154376112e+00
-5.391161990512255420e-01
2.713366638145137344e+00
-5.257573832126568592e-01
2.709785388023876251e+00
-5.122190718649423102e-01
2.706207293147356641e+00
-4.984795338102826490e-01
2.702627841475782944e+00
-4.845124274442360046e-01
2.699046360082945739e+00
-4.703072341519580202e-01
2.695462798103791080e+00
-4.558309350549096250e-01
2.691877954108556903e+00
-4.410571763898946118e-01
2.688289544154753852e+00
-4.259518822257732928e-01
2.684695865271893300e+00
-4.104772867747339959e-01
2.681095879993365738e+00
-3.945855786522958208e-01
2.677487181197816479e+00
-3.782217600392203116e-01
2.673866386886610602e+00
-3.613184858404283051e-01
2.670229623779319716e+00
-3.437927102040069793e-01
2.666571003443810817e+00
-3.255400546755168878e-01
2.662882241499674674e+00
-3.064263745442069586e-01
2.659150944972989983e+00
-2.862742089131635748e-01
2.655357679146064243e+00
-2.648405535999536209e-01
2.651468027931547677e+00
-2.417780466392195626e-01
2.647428737763435347e+00
-2.165540331185124845e-01
2.643110813678414495e+00
-1.882888631772698385e-01
2.638207095283823467e+00
-1.553104092413457593e-01
2.631577005576212436e+00
-1.135918939767627950e-01
2.610608587938185288e+00
-4.823364065543020440e-02
2.538288889927879488e+00
-1.668298433852973342e-02
2.491344215088842073e+00
-1.231690246274245136e-02
2.455024819198163399e+00
-1.038391516008497703e-02
2.424230030376901102e+00
-9.216638504673409921e-03
2.396967775166272574e+00
-8.404525314852310386e-03
2.372223944534717965e+00
-7.792888754929216781e-03
2.349397190133403424e+00
-7.307882252585344053e-03
2.328096145166282938e+00
-6.909163305026243262e-03
2.308049041654441247e+00
-6.572542080673128562e-03
2.289057921895963243e+00
-6.282490066615071915e-03
2.270973196879388922e+00
-6.028504864766522781e-03
2.253678486721464758e+00
-5.803184375972165153e-03
2.237081078816199664e+00
-5.601134272859912416e-03
2.221104298413144384e+00
-5.418164394649841939e-03
2.205689097627748119e+00
-5.251527586471660923e-03
2.190781374853984609e+00
-5.098575992880754332e-03
2.176336993494298877e+00
-4.957389131144612944e-03
2.162318106988453614e+00
-4.826413994640606740e-03
2.148691960454759631e+00
-4.704378576057631663e-03
2.135429970973111935e+00
-4.590229073716302517e-03
2.122507011333540916e+00
-4.483083485198820044e-03
2.109900844863719982e+00
-4.382196763366697639e-03
2.097591674145289797e+00
-4.286934275677289213e-03
2.085561776768595887e+00
-4.196751322694067948e-03
2.073795208441032933e+00
-4.111177143290348050e-03
2.062277558814058942e+00
-4.029802286877519867e-03
2.050995749007762381e+00
-3.952268543622632253e-03
2.039937862434791693e+00
-3.878260840116377634e-03
2.029093002454180894e+00
-3.807500661065011879e-03
2.018451171820874634e+00
-3.739740667340380516e-03
2.008003169976945834e+00
-3.674760260401190200e-03
1.997740505051777138e+00
-3.612361901618803186e-03
1.987655318069055488e+00
-3.552368038492167545e-03
1.977740317346935228e+00
-3.494618522327930590e-03
1.967988721459299928e+00
-3.438968426641805364e-03
1.958394209426613575e+00
-3.385286194393532892e-03
1.948950877043190699e+00
-3.333452056695730779e-03
1.939653198438159531e+00
-3.283356676918783041e-03
1.930495992120523807e+00
-3.234899982940265054e-03
1.921474390882608851e+00
-3.187990157241391703e-03
1.912583815037011137e+00
-3.142542760067976778e-03
1.903819948544678509e+00
-3.098479965275221203e-03
1.895178717659661061e+00
-3.055729892009470278e-03
1.886656271772168658e+00
-3.014226018233510680e-03
1.878248966178229562e+00
-2.973906664418192024e-03
1.869953346543133943e+00
-2.934714537613039749e-03
1.861766134858475752e+00
-2.896596327658229521e-03
1.853684216720049571e+00
-2.859502348576565059e-03
1.845704629777034533e+00
-2.823386219240333998e-03
1.837824553222582535e+00
-2.788204578285444560e-03
1.830041298212637280e+00
-2.753916828977317263e-03
1.822352299114124996e+00
-2.720484910346341288e-03
1.814755105495894361e+00
-2.687873091426055874e-03
1.807247374786308702e+00
-2.656047785862281855e-03
1.799826865530456788e+00
-2.624977384529447039e-03
1.792491431187832607e+00
-2.594632104103347832e-03
1.785239014418068537e+00
-2.564983849805709155e-03
1.778067641808310784e+00
-2.536006090764062870e-03
1.770975419000890838e+00
-2.507673746625331199e-03
1.763960526184528144e+00
-2.479963084229601118e-03
1.757021213916190927e+00
-2.452851623295060780e-03
1.750155799244232924e+00
-2.426318050190132657e-03
1.743362662106476613e+00
-2.400342138977298607e-03
1.736640241979582999e+00
-2.374904679006955861e-03
1.729987034758453390e+00
-2.349987408421854058e-03
1.723401589846468518e+00
-2.325572953003868237e-03
1.716882507439288608e+00
-2.301644769857614115e-03
1.710428435986569795e+00
-2.278187095480137779e-03
1.704038069817420897e+00
-2.255184897813971093e-03
1.697710146916779461e+00
-2.232623831923347471e-03
1.691443446841025988e+00
-2.210490198970622815e-03
1.685236788762235705e+00
-2.188770908202988981e-03
1.679089029631404273e+00
-2.167453441688795522e-03
1.672999062451844487e+00
-2.146525821568706117e-03
1.666965814654686628e+00
-2.125976579609848739e-03
1.660988246569153226e+00
-2.105794728871739248e-03
1.655065349980843870e+00
-2.085969737310833499e-03
1.649196146771874982e+00
-2.066491503167029037e-03
1.643379687637206654e+00
-2.047350331989860380e-03
1.637615050871931599e+00
-2.028536915175206505e-03
1.631901341224767599e+00
-2.010042309895151719e-03
1.626237688813316762e+00
-1.991857920313881616e-03
1.620623248097045721e+00
-1.973975479992252317e-03
1.615057196904226000e+00
-1.956387035391902052e-03
1.609538735509374430e+00
-1.939084930397613109e-03
1.604067085757996169e+00
-1.922061791783520124e-03
1.598641329914153753e+00
-1.905307259705056036e-03
1.593261062462609567e+00
-1.888821251287294088e-03
1.587925392633544153e+00
-1.872593632851362331e-03
1.582633620725168999e+00
-1.856618035973416720e-03
1.577385064836491768e+00
-1.840888314213571988e-03
1.572179060221313929e+00
-1.825398533015308751e-03
1.567014958672695357e+00
-1.810142960171428521e-03
1.561892127936145069e+00
-1.795116056818974251e-03
1.556809951149886739e+00
-1.780312468928335655e-03
1.551767826310670895e+00
-1.765727019254385985e-03
1.546765165763708705e+00
-1.751354699719945502e-03
1.541801395715392431e+00
-1.737190664204047667e-03
1.536875955767551760e+00
-1.723230221709494588e-03
1.531988298472093391e+00
-1.709468829886064828e-03
1.527137888904905649e+00
-1.695902088887391154e-03
1.522324204258033609e+00
-1.682525735541146907e-03
1.517546733449139484e+00
-1.669335637813549895e-03
1.512804976747376351e+00
-1.656327789550620603e-03
1.508098445414800093e+00
-1.643498305479681228e-03
1.503426661362550654e+00
-1.630843416455894819e-03
1.498789156821040969e+00
-1.618359464939525235e-03
1.494185474023464355e+00
-1.606042900690668115e-03
1.489615164901949562e+00
-1.593890276669004480e-03
1.485077790795753971e+00
-1.581898245127004183e-03
1.480572922170893424e+00
-1.570063553885715085e-03
1.476100138350675550e+00
-1.558383042783030581e-03
1.471659027256605246e+00
-1.546853640284939595e-03
1.467249185159168690e+00
-1.535472360250846264e-03
1.462870216438047599e+00
-1.524236298844685754e-03
1.458521733351302530e+00
-1.513142631583970542e-03
1.454203355813135978e+00
-1.502188610519499109e-03
1.449914711179828730e+00
-1.491371561538831075e-03
1.445655434043477294e+00
-1.480688881787043092e-03
1.441425166033198924e+00
-1.470138037198761606e-03
1.437223555623452720e+00
-1.459716560135714512e-03
1.433050257949175954e+00
-1.449422047124468513e-03
1.428904934627432510e+00
-1.439252156689282015e-03
1.424787253585286351e+00
-1.429204607275315429e-03
1.420696888893650645e+00
-1.419277175257766671e-03
1.416633520606825680e+00
-1.409467693032613253e-03
1.412596834607521501e+00
-1.399774047185086247e-03
1.408586522457104362e+00
-1.390194176732023742e-03
1.404602281250870721e+00
-1.380726071434623279e-03
1.400643813478127608e+00
-1.371367770178202102e-03
1.396710826886890633e+00
-1.362117359415812795e-03
1.392803034353006453e+00
-1.352972971672716926e-03
1.388920153753527842e+00
-1.343932784108897542e-03
1.385061907844161055e+00
-1.334995017136908707e-03
1.381228024140635835e+00
-1.326157933092545838e-03
1.377418234803836627e+00
-1.317419834955942072e-03
1.373632276528542473e+00
-1.308779065120773289e-03
1.369869890435648552e+00
-1.300234004209473420e-03
1.366130821967728171e+00
-1.291783069932384009e-03
1.362414820787805514e+00
-1.283424715988891896e-03
1.358721640681219256e+00
-1.275157431008739619e-03
1.355051039460462459e+00
-1.266979737531739349e-03
1.351402778872886845e+00
-1.258890191024254063e-03
1.347776624511160648e+00
-1.250887378930842005e-03
1.344172345726389217e+00
-1.242969919759607687e-03
1.340589715543782701e+00
-1.235136462199777109e-03
1.337028510580800855e+00
-1.227385684270210263e-03
1.333488510967666851e+00
-1.219716292497514520e-03
1.329969500270174132e+00
-1.212127021122547414e-03
1.326471265414705947e+00
-1.204616631334153726e-03
1.322993596615381406e+00
-1.197183910529000823e-03
1.319536287303261668e+00
-1.189827671596481191e-03
1.316099134057543196e+00
-1.182546752227648908e-03
1.312681936538660388e+00
-1.175340014247245072e-03
1.309284497423248927e+00
-1.168206342967884753e-03
1.305906622340885281e+00
-1.161144646565529653e-03
1.302548119812563021e+00
-1.154153855475429204e-03
1.299208801190828488e+00
-1.147232921807694612e-03
1.295888480601537829e+00
-1.140380818781797654e-03
1.292586974887167672e+00
-1.133596540179217932e-03
1.289304103551631719e+00
-1.126879099813570071e-03
1.286039688706561046e+00
-1.120227531017544288e-03
1.282793555018990173e+00
-1.113640886146021955e-03
1.279565529660407597e+00
-1.107118236094758144e-03
1.276355442257132600e+00
-1.100658669834054127e-03
1.273163124841962812e+00
-1.094261293956867980e-03
1.269988411807062789e+00
-1.087925232240814473e-03
1.266831139858053845e+00
-1.081649625223574584e-03
1.263691147969260520e+00
-1.075433629791199648e-03
1.260568277340084142e+00
-1.069276418778855424e-03
1.257462371352465968e+00
-1.063177180583567850e-03
1.254373275529403031e+00
-1.057135118788515762e-03
1.251300837494494278e+00
-1.051149451798491334e-03
1.248244906932474141e+00
-1.045219412486117971e-03
1.245205335550709114e+00
-1.039344247848437292e-03
1.242181977041628915e+00
-1.033523218673528671e-03
1.239174687046063816e+00
-1.027755599216795095e-03
1.236183323117459487e+00
-1.022040676886588548e-03
1.233207744686941831e+00
-1.016377751938845773e-03
1.230247813029216486e+00
-1.010766137180444052e-03
1.227303391229261909e+00
-1.005205157680962805e-03
1.224374344149811833e+00
-9.996941504925829954e-04
1.221460538399586904e+00
-9.942324643778352889e-04
1.218561842302267717e+00
-9.888194595449538958e-04
1.215678125866180626e+00
-9.834545073905687218e-04
1.212809260754675655e+00
-9.781369902494979618e-04
1.209955120257181660e+00
-9.728663011514129084e-04
1.207115579260914062e+00
-9.676418435841382948e-04
1.204290514223226527e+00
-9.624630312634024475e-04
1.201479803144572589e+00
-9.573292879087791016e-04
1.198683325542076350e+00
-9.522400470256729916e-04
1.195900962423687597e+00
-9.471947516931256573e-04
1.193132596262904688e+00
-9.421928543572639795e-04
1.190378110974057879e+00
-9.372338166302239364e-04
1.187637391888119343e+00
-9.323171090943468357e-04
1.184910325729053415e+00
-9.274422111115289760e-04
1.182196800590665786e+00
-9.226086106375215590e-04
1.179496705913956500e+00
-9.178158040410528068e-04
1.176809932464953024e+00
-9.130632959276129088e-04
1.174136372313014931e+00
-9.083505989677633429e-04
1.171475918809600225e+00
-9.036772337298345061e-04
1.168828466567475077e+00
-8.990427285168670199e-04
1.166193911440361664e+00
-8.944466192076887257e-04
1.163572150503005886e+00
-8.898884491019804594e-04
1.160963082031664095e+00
-8.853677687692299925e-04
1.158366605484985712e+00
-8.808841359014432746e-04
1.155782621485294204e+00
-8.764371151695215818e-04
1.153211031800245534e+00
-8.720262780831667662e-04
1.150651739324861866e+00
-8.676512028542458701e-04
1.148104648063929645e+00
-8.633114742634872760e-04
1.145569663114746284e+00
-8.590066835304200309e-04
1.143046690650221908e+00
-8.547364281864731862e-04
1.140535637902308386e+00
-8.505003119511259741e-04
1.138036413145762982e+00
-8.462979446110345527e-04
1.135548925682230870e+00
-8.421289419020456558e-04
1.133073085824640280e+00
-8.379929253940189776e-04
1.130608804881902740e+00
-8.338895223783702538e-04
1.128155995143912627e+00
-8.298183657582693367e-04
1.125714569866835379e+00
-8.257790939414157453e-04
1.123284443258681264e+00
-8.217713507353111317e-04
1.120865530465154025e+00
-8.177947852449729375e-04
1.118457747555773985e+00
-8.138490517730167075e-04
1.116061011510260492e+00
-8.099338097220349589e-04
1.113675240205175720e+00
-8.060487234992218687e-04
1.111300352400818481e+00
-8.021934624231725434e-04
1.108936267728364289e+00
-7.983677006328036407e-04
1.106582906677247014e+00
-7.945711169983365758e-04
1.104240190582776560e+00
-7.908033950342921404e-04
1.101908041613979039e+00
-7.870642228144267109e-04
1.099586382761670755e+00
-7.833532928885844583e-04
1.097275137826743796e+00
-7.796703022013907504e-04
1.094974231408670118e+00
-7.760149520127501005e-04
1.092683588894214353e+00
-7.723869478201046430e-04
1.090403136446346899e+00
-7.687859992823900361e-04
