9.809616152111001627e-10
0.000000000000000000e+00
9.869010854352696229e-10
1.009741958682895111e-28
9.928798500496599347e-10
0.000000000000000000e+00
9.988981210895251152e-10
-1.009741958682895111e-28
1.004956109596796448e-09
-1.009741958682895111e-28
1.011054025534743914e-09
-1.009741958682895111e-28
1.017192077699737938e-09
0.000000000000000000e+00
1.023370473630035980e-09
1.009741958682895111e-28
1.029589419511471121e-09
0.000000000000000000e+00
1.035849120080013495e-09
1.009741958682895111e-28
1.042149778521029413e-09
0.000000000000000000e+00
1.048491596365213766e-09
0.000000000000000000e+00
1.054874773381044969e-09
-1.009741958682895111e-28
1.061299507463686744e-09
1.009741958682895111e-28
1.067765994520213500e-09
0.000000000000000000e+00
1.074274428351064603e-09
0.000000000000000000e+00
1.080825000527594549e-09
-1.009741958682895111e-28
1.087417900265626830e-09
2.019483917365790222e-28
1.094053314294873757e-09
1.009741958682895111e-28
1.100731426724105395e-09
1.009741958682895111e-28
1.107452418901936103e-09
1.009741958682895111e-28
1.114216469273105417e-09
0.000000000000000000e+00
1.121023753230121554e-09
1.009741958682895111e-28
1.127874442960101270e-09
0.000000000000000000e+00
1.134768707286707842e-09
-1.009741958682895111e-28
1.141706711507005209e-09
0.000000000000000000e+00
1.148688617223081422e-09
0.000000000000000000e+00
1.155714582168309907e-09
0.000000000000000000e+00
1.162784760028059929e-09
1.009741958682895111e-28
1.169899300254694543e-09
-1.009741958682895111e-28
1.177058347876709008e-09
0.000000000000000000e+00
1.184262043301820653e-09
0.000000000000000000e+00
1.191510522113800079e-09
0.000000000000000000e+00
1.198803914862925836e-09
-1.009741958682895111e-28
1.206142346849801811e-09
0.000000000000000000e+00
1.213525937902383864e-09
1.009741958682895111e-28
1.220954802145993838e-09
1.009741958682895111e-28
1.228429047766140412e-09
0.000000000000000000e+00
1.235948776763869474e-09
1.009741958682895111e-28
1.243514084703503809e-09
0.000000000000000000e+00
1.251125060452479084e-09
-2.019483917365790222e-28
1.258781785913087311e-09
0.000000000000000000e+00
1.266484335745844905e-09
0.000000000000000000e+00
1.274232777084279569e-09
0.000000000000000000e+00
1.282027169240839250e-09
0.000000000000000000e+00
1.289867563403706877e-09
0.000000000000000000e+00
1.297754002324189569e-09
-2.019483917365790222e-28
1.305686519994466858e-09
-2.019483917365790222e-28
1.313665141315364966e-09
0.000000000000000000e+00
1.321689881753880665e-09
0.000000000000000000e+00
1.329760746990147002e-09
-2.019483917365790222e-28
1.337877732553526565e-09
2.019483917365790222e-28
1.346040823447518362e-09
0.000000000000000000e+00
1.354249993763126167e-09
0.000000000000000000e+00
1.362505206280358671e-09
0.000000000000000000e+00
1.370806412057538029e-09
0.000000000000000000e+00
1.379153550007986257e-09
0.000000000000000000e+00
1.387546546463779893e-09
0.000000000000000000e+00
1.395985314726171547e-09
0.000000000000000000e+00
1.404469754602265148e-09
2.019483917365790222e-28
1.412999751927559857e-09
0.000000000000000000e+00
1.421575178073928142e-09
-2.019483917365790222e-28
1.430195889442629549e-09
0.000000000000000000e+00
1.438861726941868800e-09
-2.019483917365790222e-28
1.447572515448479266e-09
-2.019483917365790222e-28
1.456328063253256389e-09
0.000000000000000000e+00
1.465128161489449699e-09
-2.019483917365790222e-28
1.473972583543919619e-09
2.019483917365790222e-28
1.482861084450466861e-09
0.000000000000000000e+00
1.491793400264776092e-09
0.000000000000000000e+00
1.500769247420448166e-09
2.019483917365790222e-28
1.509788322065608725e-09
0.000000000000000000e+00
1.518850299379426021e-09
0.000000000000000000e+00
1.527954832868051172e-09
2.019483917365790222e-28
1.537101553639308361e-09
0.000000000000000000e+00
1.546290069655549941e-09
0.000000000000000000e+00
1.555519964964027952e-09
0.000000000000000000e+00
1.564790798904105606e-09
0.000000000000000000e+00
1.574102105290673689e-09
2.019483917365790222e-28
1.583453391573043944e-09
0.000000000000000000e+00
1.592844137968626901e-09
2.019483917365790222e-28
1.602273796570645935e-09
2.019483917365790222e-28
1.611741790429161331e-09
0.000000000000000000e+00
1.621247512604568237e-09
0.000000000000000000e+00
1.630790325192890672e-09
0.000000000000000000e+00
1.640369558321931052e-09
-2.019483917365790222e-28
1.649984509117499362e-09
0.000000000000000000e+00
1.659634440638879062e-09
2.019483917365790222e-28
1.669318580782600399e-09
0.000000000000000000e+00
1.679036121153644717e-09
0.000000000000000000e+00
1.688786215903164297e-09
-2.019483917365790222e-28
1.698567980531709584e-09
0.000000000000000000e+00
1.708380490657041720e-09
-2.019483917365790222e-28
1.718222780745524098e-09
2.019483917365790222e-28
1.728093842806004590e-09
0.000000000000000000e+00
1.737992625045224778e-09
0.000000000000000000e+00
1.747918030483603505e-09
2.019483917365790222e-28
1.757868915530320872e-09
2.019483917365790222e-28
1.767846584167285588e-09
2.019483917365790222e-28
1.777844882793956539e-09
0.000000000000000000e+00
1.787864938376301274e-09
0.000000000000000000e+00
1.797905405870585004e-09
-4.038967834731580444e-28
1.807964885849687965e-09
0.000000000000000000e+00
1.818041922809396044e-09
0.000000000000000000e+00
1.828135003425467325e-09
2.019483917365790222e-28
1.838242554760186858e-09
-2.019483917365790222e-28
1.848362942417089249e-09
0.000000000000000000e+00
1.858494468642368228e-09
-4.038967834731580444e-28
1.868635370371689187e-09
0.000000000000000000e+00
1.878783817220893231e-09
0.000000000000000000e+00
1.888937909419164826e-09
-2.019483917365790222e-28
1.899095675683156943e-09
-2.019483917365790222e-28
1.909256653082578145e-09
-2.019483917365790222e-28
1.919415526578833220e-09
-2.019483917365790222e-28
1.929571709159843357e-09
-2.019483917365790222e-28
1.939722921007081827e-09
2.019483917365790222e-28
1.949866799221093464e-09
2.019483917365790222e-28
1.960000895308949281e-09
2.019483917365790222e-28
1.970122672601592545e-09
-4.038967834731580444e-28
1.980229503599507187e-09
-2.019483917365790222e-28
1.990318667244947872e-09
0.000000000000000000e+00
2.000387346119095564e-09
0.000000000000000000e+00
2.010432623562479689e-09
0.000000000000000000e+00
2.020451480716881003e-09
0.000000000000000000e+00
2.030440793487112505e-09
-4.038967834731580444e-28
2.040397329420925184e-09
0.000000000000000000e+00
2.050317744505340403e-09
0.000000000000000000e+00
2.060198579877743390e-09
0.000000000000000000e+00
2.070036258450109107e-09
4.038967834731580444e-28
2.079827081444596558e-09
4.038967834731580444e-28
2.089567224839021344e-09
0.000000000000000000e+00
2.099252735720513240e-09
4.038967834731580444e-28
2.108879528545900066e-09
0.000000000000000000e+00
2.118443381307215586e-09
0.000000000000000000e+00
2.127939931601003416e-09
0.000000000000000000e+00
2.137364672599941647e-09
0.000000000000000000e+00
2.146712948925539154e-09
0.000000000000000000e+00
2.155979952420755869e-09
4.038967834731580444e-28
2.165160717821293016e-09
4.038967834731580444e-28
2.174250118324740605e-09
0.000000000000000000e+00
2.183242861056644984e-09
0.000000000000000000e+00
2.192133482432748263e-09
-4.038967834731580444e-28
2.200916343417012921e-09
0.000000000000000000e+00
2.209585624674977027e-09
0.000000000000000000e+00
2.218135321622301143e-09
0.000000000000000000e+00
2.226559239368705825e-09
-4.038967834731580444e-28
2.234850987557579728e-09
-8.077935669463160887e-28
2.243003975101965969e-09
0.000000000000000000e+00
2.251011404817861052e-09
0.000000000000000000e+00
2.258866267956207320e-09
4.038967834731580444e-28
2.266561338635246134e-09
0.000000000000000000e+00
2.274089168175486664e-09
-4.038967834731580444e-28
2.281442079339765625e-09
4.038967834731580444e-28
2.288612160481722408e-09
0.000000000000000000e+00
2.295591259606321336e-09
0.000000000000000000e+00
2.302370978346786078e-09
-4.038967834731580444e-28
2.308942665863039587e-09
0.000000000000000000e+00
2.315297412667482836e-09
4.038967834731580444e-28
2.321426044384633435e-09
8.077935669463160887e-28
2.327319115452372329e-09
4.038967834731580444e-28
2.332966902773216789e-09
4.038967834731580444e-28
2.338359399325258841e-09
4.038967834731580444e-28
2.343486307743706518e-09
0.000000000000000000e+00
2.348337033885091958e-09
0.000000000000000000e+00
2.352900680387695977e-09
-4.038967834731580444e-28
2.357166040243347207e-09
4.038967834731580444e-28
2.361121590397361913e-09
0.000000000000000000e+00
2.364755485395295613e-09
0.000000000000000000e+00
2.368055551097193476e-09
4.038967834731580444e-28
2.371009278482164689e-09
8.077935669463160887e-28
2.373603817568581803e-09
4.038967834731580444e-28
2.375825971477793828e-09
-8.077935669463160887e-28
2.377662190672046479e-09
0.000000000000000000e+00
2.379098567400498302e-09
0.000000000000000000e+00
2.380120830390533498e-09
0.000000000000000000e+00
2.380714339825287088e-09
4.038967834731580444e-28
2.380864082652307448e-09
0.000000000000000000e+00
2.380554668272731008e-09
0.000000000000000000e+00
2.379770324664997273e-09
0.000000000000000000e+00
2.378494895002448157e-09
4.038967834731580444e-28
2.376711834829746958e-09
4.038967834731580444e-28
2.374404209869306216e-09
-4.038967834731580444e-28
2.371554694535587791e-09
4.038967834731580444e-28
2.368145571242467311e-09
0.000000000000000000e+00
2.364158730596958630e-09
0.000000000000000000e+00
2.359575672581144494e-09
4.038967834731580444e-28
2.354377508833883955e-09
4.038967834731580444e-28
2.348544966153993809e-09
-4.038967834731580444e-28
2.342058391358109528e-09
0.000000000000000000e+00
2.334897757638650629e-09
0.000000000000000000e+00
2.327042672580783621e-09
4.038967834731580444e-28
2.318472388011972164e-09
0.000000000000000000e+00
2.309165811873718716e-09
0.000000000000000000e+00
2.299101522322500442e-09
0.000000000000000000e+00
2.288257784286138244e-09
0.000000000000000000e+00
2.276612568722551202e-09
8.077935669463160887e-28
2.264143574850572203e-09
-4.038967834731580444e-28
2.250828255647536788e-09
4.038967834731580444e-28
2.236643846935356038e-09
0.000000000000000000e+00
2.221567400406551216e-09
0.000000000000000000e+00
2.205575820974207561e-09
0.000000000000000000e+00
2.188645908865334914e-09
0.000000000000000000e+00
2.170754406915847754e-09
0.000000000000000000e+00
2.151878053568144505e-09
-4.038967834731580444e-28
2.131993642118610015e-09
4.038967834731580444e-28
2.111078086813388934e-09
0.000000000000000000e+00
2.089108496446742667e-09
4.038967834731580444e-28
2.066062256177388631e-09
-4.038967834731580444e-28
2.041917118345404175e-09
0.000000000000000000e+00
2.016651303145844446e-09
0.000000000000000000e+00
1.990243610096075475e-09
0.000000000000000000e+00
1.962673541322241031e-09
-4.038967834731580444e-28
1.933921437788043025e-09
0.000000000000000000e+00
1.903968629695479961e-09
0.000000000000000000e+00
1.872797602405103779e-09
0.000000000000000000e+00
1.840392179352448981e-09
0.000000000000000000e+00
1.806737723579503007e-09
0.000000000000000000e+00
1.771821359656588987e-09
-4.038967834731580444e-28
1.735632217942427411e-09
4.038967834731580444e-28
1.698161703319940654e-09
0.000000000000000000e+00
1.659403790754710705e-09
4.038967834731580444e-28
1.619355350253908720e-09
-4.038967834731580444e-28
1.578016504058067866e-09
0.000000000000000000e+00
1.535391019179586142e-09
0.000000000000000000e+00
1.491486738712388057e-09
0.000000000000000000e+00
1.446316055680652318e-09
-4.038967834731580444e-28
1.399896433574564148e-09
0.000000000000000000e+00
1.352250978141348305e-09
0.000000000000000000e+00
1.303409065465552367e-09
0.000000000000000000e+00
1.253407031888449948e-09
4.038967834731580444e-28
1.202288931888798254e-09
0.000000000000000000e+00
1.150107370681659009e-09
0.000000000000000000e+00
1.096924418997396522e-09
2.019483917365790222e-28
1.042812618285951209e-09
-2.019483917365790222e-28
9.878560854625924566e-10
2.019483917365790222e-28
9.321517272806395850e-10
0.000000000000000000e+00
8.758105754959115021e-10
2.019483917365790222e-28
8.189592551905567945e-10
0.000000000000000000e+00
7.617415999656891595e-10
0.000000000000000000e+00
7.043204292097854235e-10
-2.019483917365790222e-28
6.468795043228361509e-10
0.000000000000000000e+00
5.896256826471625744e-10
-2.019483917365790222e-28
5.327966776953007509e-10
-1.009741958682895111e-28
4.766406777016992956e-10
0.000000000000000000e+00
4.214561913756155715e-10
0.000000000000000000e+00
3.675686929417227916e-10
-1.009741958682895111e-28
3.153413065799260244e-10
1.009741958682895111e-28
2.651786778029663358e-10
-5.048709793414475555e-29
2.175312490684864587e-10
5.048709793414475555e-29
1.728999843246008290e-10
0.000000000000000000e+00
1.318415925055653670e-10
0.000000000000000000e+00
9.497430599610790878e-11
0.000000000000000000e+00
6.298427686473419716e-11
1.262177448353618889e-29
3.663266133812706339e-11
0.000000000000000000e+00
1.676347167671600922e-11
0.000000000000000000e+00
4.312284462153374195e-12
0.000000000000000000e+00
3.158869183728410003e-13
0.000000000000000000e+00
5.923104167890481248e-12
0.000000000000000000e+00
2.240654479066747924e-11
-6.310887241768094443e-30
5.117605852872053228e-11
0.000000000000000000e+00
9.379341878958687139e-11
0.000000000000000000e+00
1.519888040816570126e-10
0.000000000000000000e+00
2.276791570982954042e-10
5.048709793414475555e-29
3.229886769037572963e-10
0.000000000000000000e+00
4.402717134220050810e-10
0.000000000000000000e+00
5.821383705722305148e-10
0.000000000000000000e+00
7.514831671471776600e-10
2.019483917365790222e-28
9.515171538188544115e-10
0.000000000000000000e+00
1.185803941574056416e-09
0.000000000000000000e+00
1.458300162722590032e-09
-4.038967834731580444e-28
1.773437765730367911e-09
-4.038967834731580444e-28
2.136047196141085622e-09
0.000000000000000000e+00
2.551586572197096446e-09
0.000000000000000000e+00
3.026103651957318656e-09
0.000000000000000000e+00
3.566333208831392791e-09
0.000000000000000000e+00
4.179780525130615930e-09
1.615587133892632177e-27
4.874816022630108830e-09
1.615587133892632177e-27
5.660782674414645632e-09
0.000000000000000000e+00
6.548118111360595872e-09
4.846761401677896532e-27
7.548493654421422837e-09
3.231174267785264355e-27
8.674972880166029921e-09
3.231174267785264355e-27
9.942192773653593596e-09
0.000000000000000000e+00
1.136657105424906457e-08
3.231174267785264355e-27
1.296654389422983763e-08
0.000000000000000000e+00
1.476283900899548779e-08
0.000000000000000000e+00
1.677879000851546057e-08
0.000000000000000000e+00
1.904069899604649513e-08
0.000000000000000000e+00
2.157825572406295551e-08
-6.462348535570528710e-27
2.442502322119897427e-08
0.000000000000000000e+00
2.761900175362995018e-08
-1.292469707114105742e-26
3.120328536261547944e-08
0.000000000000000000e+00
3.522682813189609916e-08
0.000000000000000000e+00
3.974534091773667869e-08
2.584939414228211484e-26
4.482234369118189202e-08
0.000000000000000000e+00
5.053040411552897393e-08
-2.584939414228211484e-26
5.695259979472651381e-08
-2.584939414228211484e-26
6.418425014719293319e-08
-2.584939414228211484e-26
7.233497456309541047e-08
0.000000000000000000e+00
8.153114701994110889e-08
-5.169878828456422968e-26
9.191883449183678541e-08
0.000000000000000000e+00
1.036673283962327713e-07
0.000000000000000000e+00
1.169734064572667545e-07
5.169878828456422968e-26
1.320708465535673075e-07
5.169878828456422968e-26
1.492209347422180550e-07
0.000000000000000000e+00
1.687420573042733837e-07
0.000000000000000000e+00
1.910056089538847149e-07
1.033975765691284594e-25
2.164509355871761955e-07
-1.033975765691284594e-25
2.455999745378556386e-07
-1.033975765691284594e-25
2.790756055753762728e-07
0.000000000000000000e+00
3.176248143000000123e-07
0.000000000000000000e+00
3.621481506432801871e-07
0.000000000000000000e+00
4.137374989829803862e-07
-2.067951531382569187e-25
4.737249335370006611e-07
-4.135903062765138374e-25
5.437465213001244871e-07
-4.135903062765138374e-25
6.258265231569658722e-07
0.000000000000000000e+00
7.224897990371929174e-07
-4.135903062765138374e-25
8.369137776615505037e-07
0.000000000000000000e+00
9.731368221459528859e-07
0.000000000000000000e+00
1.136348426433842165e-06
0.000000000000000000e+00
1.333326329966150039e-06
0.000000000000000000e+00
1.572939702570800924e-06
1.654361225106055350e-24
1.867153984242195770e-06
0.000000000000000000e+00
2.232289222139058110e-06
0.000000000000000000e+00
2.691126588820743422e-06
0.000000000000000000e+00
3.276293625264426678e-06
-3.308722450212110699e-24
4.035987759391484382e-06
0.000000000000000000e+00
5.044161065007649161e-06
0.000000000000000000e+00
6.419823711218067856e-06
0.000000000000000000e+00
8.369600070155307645e-06
2.646977960169688560e-23
1.127405291704440948e-05
0.000000000000000000e+00
1.594566847164228491e-05
0.000000000000000000e+00
2.448414507735195814e-05
-5.293955920339377119e-23
4.482342640675346759e-05
0.000000000000000000e+00
1.710369561010401703e-04
-1.694065894508600678e-21
6.856525699016299304e-04
0.000000000000000000e+00
1.083279596927566330e-03
-5.421010862427522170e-20
1.454709998160558758e-03
-5.421010862427522170e-20
1.832843979002653483e-03
-1.084202172485504434e-19
2.233215581513485135e-03
0.000000000000000000e+00
2.666648189450220464e-03
2.168404344971008868e-19
3.142783358712302605e-03
-2.168404344971008868e-19
3.671506382195981188e-03
2.168404344971008868e-19
4.263771532176232303e-03
-4.336808689942017736e-19
4.932477044004866806e-03
0.000000000000000000e+00
5.693052629661479735e-03
4.336808689942017736e-19
6.564930772123439909e-03
4.336808689942017736e-19
7.572300357349324301e-03
-4.336808689942017736e-19
8.746881405440158630e-03
0.000000000000000000e+00
1.013073630311108440e-02
0.000000000000000000e+00
1.178133493858501968e-02
8.673617379884035472e-19
1.378202090993860089e-02
0.000000000000000000e+00
1.625041066823856156e-02
-8.673617379884035472e-19
1.937372206462990507e-02
0.000000000000000000e+00
2.346065546724621781e-02
0.000000000000000000e+00
2.907148112502911524e-02
0.000000000000000000e+00
3.736575763434912822e-02
0.000000000000000000e+00
5.130120113401776677e-02
1.734723475976807094e-18
8.231559773445587536e-02
-8.673617379884035472e-19
2.684691740723269548e-01
-3.469446951953614189e-18
5.862588165366762194e-01
6.938893903907228378e-18
7.085714796430930829e-01
1.387778780781445676e-17
7.769133867163705576e-01
-1.387778780781445676e-17
8.212874270345165151e-01
0.000000000000000000e+00
8.524609199666565162e-01
0.000000000000000000e+00
8.754737703139442440e-01
0.000000000000000000e+00
8.930554491480182655e-01
1.387778780781445676e-17
9.068235324248410389e-01
0.000000000000000000e+00
9.178194466294901099e-01
-1.387778780781445676e-17
9.267306426818882059e-01
-1.387778780781445676e-17
9.340359204541962557e-01
0.000000000000000000e+00
9.400786393054741952e-01
-1.387778780781445676e-17
9.451109217616862068e-01
0.000000000000000000e+00
9.493216792979294327e-01
0.000000000000000000e+00
9.528554883700462996e-01
1.387778780781445676e-17
9.558252746974236214e-01
1.387778780781445676e-17
9.583165361938580373e-01
-1.387778780781445676e-17
9.604001012307197271e-01
1.387778780781445676e-17
9.621316215713192621e-01
0.000000000000000000e+00
9.635555538614665183e-01
-1.387778780781445676e-17
9.647069811253868865e-01
0.000000000000000000e+00
9.656179796069299659e-01
1.387778780781445676e-17
9.663099341762830807e-01
1.387778780781445676e-17
9.668030438768577817e-01
-1.387778780781445676e-17
9.671124244263936687e-01
2.775557561562891351e-17
9.672502269970466582e-01
2.775557561562891351e-17
9.672276399481423148e-01
0.000000000000000000e+00
9.670494372511928560e-01
0.000000000000000000e+00
9.667226961745377656e-01
0.000000000000000000e+00
9.662486019250905445e-01
0.000000000000000000e+00
9.656309616758440573e-01
0.000000000000000000e+00
9.648656817613855408e-01
0.000000000000000000e+00
9.639549018148738657e-01
0.000000000000000000e+00
9.628908506949366286e-01
0.000000000000000000e+00
9.616703158813942887e-01
-2.775557561562891351e-17
9.602850048651312420e-01
0.000000000000000000e+00
9.587251879651509379e-01
2.775557561562891351e-17
9.569790055209409507e-01
2.775557561562891351e-17
9.550335279696370305e-01
5.551115123125782702e-17
9.528697063282768331e-01
2.775557561562891351e-17
9.504680022009398543e-01
-2.775557561562891351e-17
9.478044102994326314e-01
-2.775557561562891351e-17
9.448498107003903135e-01
-2.775557561562891351e-17
9.415695783052983048e-01
5.551115123125782702e-17
9.379236681415275001e-01
0.000000000000000000e+00
9.338623151951873647e-01
-2.775557561562891351e-17
9.293266184794117812e-01
-2.775557561562891351e-17
9.242450249828771947e-01
0.000000000000000000e+00
9.185299724666651233e-01
2.775557561562891351e-17
9.120734386643989389e-01
-2.775557561562891351e-17
9.047406572633032162e-01
-5.551115123125782702e-17
8.963615334424778203e-01
5.551115123125782702e-17
8.867180533118983465e-01
0.000000000000000000e+00
8.755260631993141418e-01
0.000000000000000000e+00
8.624075892077406325e-01
0.000000000000000000e+00
8.468474718372045462e-01
0.000000000000000000e+00
8.281221394524040935e-01
-5.551115123125782702e-17
8.051778280061973048e-01
0.000000000000000000e+00
7.764004243327820021e-01
0.000000000000000000e+00
7.391567959148770406e-01
0.000000000000000000e+00
6.887272815544926985e-01
-5.551115123125782702e-17
6.153315145151738719e-01
0.000000000000000000e+00
4.925367445214213769e-01
0.000000000000000000e+00
2.057358169548146598e-01
0.000000000000000000e+00
7.154357559139370992e-02
-6.938893903907228378e-18
4.938235363804544670e-02
-3.469446951953614189e-18
3.956580246188660943e-02
0.000000000000000000e+00
3.382596879889426117e-02
0.000000000000000000e+00
3.000203009691642525e-02
0.000000000000000000e+00
2.725194553375442572e-02
0.000000000000000000e+00
2.517221146324504291e-02
0.000000000000000000e+00
2.354282928562664856e-02
8.673617379884035472e-19
2.223271128886603401e-02
0.000000000000000000e+00
2.115850943680231896e-02
0.000000000000000000e+00
2.026454654769002661e-02
0.000000000000000000e+00
1.951216649036996431e-02
0.000000000000000000e+00
1.887369658701574388e-02
8.673617379884035472e-19
1.832883768431301311e-02
-4.336808689942017736e-19
1.786241313739156053e-02
-4.336808689942017736e-19
1.746291107131442422e-02
0.000000000000000000e+00
1.712151568208649527e-02
4.336808689942017736e-19
1.683144715441432099e-02
0.000000000000000000e+00
1.658750473951572935e-02
0.000000000000000000e+00
1.638574764585040353e-02
4.336808689942017736e-19
1.622327287504289964e-02
0.000000000000000000e+00
1.609806399648823841e-02
1.734723475976807094e-18
1.600889460626786845e-02
-8.673617379884035472e-19
1.595527693161954280e-02
-4.336808689942017736e-19
1.593745106224453423e-02
-4.336808689942017736e-19
1.595641462822960585e-02
0.000000000000000000e+00
1.601399717454065480e-02
0.000000000000000000e+00
1.611298880967071412e-02
0.000000000000000000e+00
1.625734002857135915e-02
4.336808689942017736e-19
1.645246065892471896e-02
-4.336808689942017736e-19
1.670566365918468507e-02
0.000000000000000000e+00
1.702682955059497266e-02
0.000000000000000000e+00
1.742942043365968904e-02
4.336808689942017736e-19
1.793207117301700085e-02
0.000000000000000000e+00
1.856117761107344000e-02
8.673617379884035472e-19
1.935529993596111706e-02
0.000000000000000000e+00
2.037308417899398941e-02
0.000000000000000000e+00
2.170873434417115375e-02
0.000000000000000000e+00
2.352424408013437107e-02
-8.673617379884035472e-19
2.612808744942129655e-02
0.000000000000000000e+00
3.020113970520606206e-02
0.000000000000000000e+00
3.767157480343927972e-02
-1.734723475976807094e-18
5.784640282475102258e-02
-3.469446951953614189e-18
2.178754666708530574e-01
1.387778780781445676e-17
3.751807231314451818e-01
0.000000000000000000e+00
4.581898129140317688e-01
5.551115123125782702e-17
5.135137448108529901e-01
0.000000000000000000e+00
5.539845304510017110e-01
-5.551115123125782702e-17
5.851010898152316786e-01
0.000000000000000000e+00
6.097672322937928158e-01
5.551115123125782702e-17
6.297144120941453593e-01
0.000000000000000000e+00
6.460606543937167379e-01
-5.551115123125782702e-17
6.595627243990480615e-01
5.551115123125782702e-17
6.707622036972500368e-01
0.000000000000000000e+00
6.800558454117340279e-01
-5.551115123125782702e-17
6.877410118291960028e-01
5.551115123125782702e-17
6.940454881125783793e-01
5.551115123125782702e-17
6.991455707442633116e-01
0.000000000000000000e+00
7.031796784013972790e-01
0.000000000000000000e+00
7.062595395297703860e-01
5.551115123125782702e-17
7.084702422959240353e-01
-5.551115123125782702e-17
7.098821164372929315e-01
5.551115123125782702e-17
7.105483393372854506e-01
-5.551115123125782702e-17
7.105105769589648013e-01
-5.551115123125782702e-17
7.097999740761661291e-01
0.000000000000000000e+00
7.084383958972626516e-01
0.000000000000000000e+00
7.064396720929742024e-01
-5.551115123125782702e-17
7.038093399926051985e-01
0.000000000000000000e+00
7.005463148978701149e-01
0.000000000000000000e+00
6.966419251069407848e-01
0.000000000000000000e+00
6.920803761735299098e-01
5.551115123125782702e-17
6.868381832496246453e-01
0.000000000000000000e+00
6.808832588525158824e-01
0.000000000000000000e+00
6.741747535391540147e-01
0.000000000000000000e+00
6.666611489294153037e-01
0.000000000000000000e+00
6.582777934509511653e-01
2.775557561562891351e-17
6.489466907660825790e-01
2.775557561562891351e-17
6.385694677025560706e-01
2.775557561562891351e-17
6.270260231838542531e-01
0.000000000000000000e+00
6.141678923043943916e-01
0.000000000000000000e+00
5.998090340547496124e-01
2.775557561562891351e-17
5.837056992595619498e-01
0.000000000000000000e+00
5.655463611312605554e-01
0.000000000000000000e+00
5.449241649383097519e-01
-2.775557561562891351e-17
5.212665563458471762e-01
0.000000000000000000e+00
4.937662809112545181e-01
0.000000000000000000e+00
4.612049324326750188e-01
0.000000000000000000e+00
4.216081122592135744e-01
0.000000000000000000e+00
3.713924788858870008e-01
-2.775557561562891351e-17
3.027333645671658191e-01
1.387778780781445676e-17
1.904513975474214083e-01
-1.387778780781445676e-17
4.670152895727171238e-02
-3.469446951953614189e-18
2.701816620850154907e-02
0.000000000000000000e+00
2.041570835473310516e-02
-8.673617379884035472e-19
1.682738814996403293e-02
8.673617379884035472e-19
1.448700860461579407e-02
8.673617379884035472e-19
1.280062417536227508e-02
-4.336808689942017736e-19
1.151470732026499237e-02
4.336808689942017736e-19
1.048808316029617091e-02
4.336808689942017736e-19
9.643346557878089767e-03
0.000000000000000000e+00
8.932030178335640183e-03
2.168404344971008868e-19
8.322067939787394439e-03
0.000000000000000000e+00
7.791292679704574752e-03
0.000000000000000000e+00
7.323827366379334625e-03
1.084202172485504434e-19
6.907959071942248140e-03
-1.084202172485504434e-19
6.534833137363895740e-03
1.084202172485504434e-19
6.197608915861160632e-03
0.000000000000000000e+00
5.890907186311899850e-03
0.000000000000000000e+00
5.610426991987316030e-03
5.421010862427522170e-20
5.352688522659534986e-03
-2.710505431213761085e-20
5.114834168196100671e-03
-1.355252715606880543e-20
4.894494650613726190e-03
0.000000000000000000e+00
4.689684437699181106e-03
0.000000000000000000e+00
4.498717151378677989e-03
0.000000000000000000e+00
4.320176672536731391e-03
-2.710505431213761085e-20
4.152819514019206841e-03
0.000000000000000000e+00
3.995603147233181725e-03
0.000000000000000000e+00
3.847588290241280538e-03
-5.421010862427522170e-20
3.707969577456578843e-03
0.000000000000000000e+00
3.576041716670864002e-03
0.000000000000000000e+00
3.451175325342435186e-03
5.421010862427522170e-20
3.332813367325334654e-03
0.000000000000000000e+00
3.220362995439264488e-03
-5.421010862427522170e-20
3.113589203825476402e-03
0.000000000000000000e+00
3.011973961588405944e-03
0.000000000000000000e+00
2.915157762709263186e-03
5.421010862427522170e-20
2.822815279458985253e-03
5.421010862427522170e-20
2.734651227517416634e-03
5.421010862427522170e-20
2.650396831336321573e-03
0.000000000000000000e+00
2.569806789489426525e-03
1.084202172485504434e-19
2.492656658570257568e-03
0.000000000000000000e+00
2.418740588469339182e-03
-1.084202172485504434e-19
2.347869354562162874e-03
0.000000000000000000e+00
2.279868642123337140e-03
0.000000000000000000e+00
2.214577545050156176e-03
0.000000000000000000e+00
2.151847247548726878e-03
1.084202172485504434e-19
2.091539862975350366e-03
0.000000000000000000e+00
2.033527410107338097e-03
0.000000000000000000e+00
1.977690902361090193e-03
-1.084202172485504434e-19
1.923919542337519575e-03
0.000000000000000000e+00
1.872110003099696678e-03
1.084202172485504434e-19
1.822165785641905421e-03
0.000000000000000000e+00
1.773996644296333206e-03
0.000000000000000000e+00
1.727518070662263519e-03
-1.084202172485504434e-19
1.682650831702858221e-03
-1.084202172485504434e-19
1.639320550587908048e-03
0.000000000000000000e+00
1.597457326493698657e-03
-1.084202172485504434e-19
1.556995398649997382e-03
0.000000000000000000e+00
1.517872832872097216e-03
1.084202172485504434e-19
1.480031238139024484e-03
0.000000000000000000e+00
1.443415514560613495e-03
0.000000000000000000e+00
1.407973618132813461e-03
0.000000000000000000e+00
1.373656346554482819e-03
0.000000000000000000e+00
1.340417144152620393e-03
0.000000000000000000e+00
1.308211926152248739e-03
5.421010862427522170e-20
1.276998913116538870e-03
0.000000000000000000e+00
1.246738468482000428e-03
5.421010862427522170e-20
1.217392988652445584e-03
-5.421010862427522170e-20
1.188926735520310328e-03
5.421010862427522170e-20
1.161305762998136306e-03
-1.084202172485504434e-19
1.134497765652703284e-03
-5.421010862427522170e-20
1.108472002445381457e-03
5.421010862427522170e-20
1.083199203501505762e-03
0.000000000000000000e+00
1.058651474988327396e-03
-5.421010862427522170e-20
1.034802220554806003e-03
-5.421010862427522170e-20
1.011626068585023139e-03
5.421010862427522170e-20
9.890988020862861649e-04
5.421010862427522170e-20
9.671972896639526984e-04
5.421010862427522170e-20
9.458994261391653413e-04
5.421010862427522170e-20
9.251840974952004002e-04
0.000000000000000000e+00
9.050311015297244494e-04
5.421010862427522170e-20
8.854210784670651533e-04
0.000000000000000000e+00
8.663355565126445394e-04
5.421010862427522170e-20
8.477567661766784906e-04
0.000000000000000000e+00
8.296677623791011164e-04
0.000000000000000000e+00
8.120522380211475611e-04
0.000000000000000000e+00
7.948945741372608282e-04
0.000000000000000000e+00
7.781798160453869085e-04
-5.421010862427522170e-20
7.618935828953249216e-04
-5.421010862427522170e-20
7.460220637235624990e-04
0.000000000000000000e+00
7.305520033365335043e-04
0.000000000000000000e+00
7.154706695349069600e-04
0.000000000000000000e+00
7.007658239635573263e-04
-5.421010862427522170e-20
6.864256979159276883e-04
5.421010862427522170e-20
6.724389700572205603e-04
5.421010862427522170e-20
6.587947484044402897e-04
-5.421010862427522170e-20
6.454825606261833460e-04
-5.421010862427522170e-20
6.324923364835015587e-04
-5.421010862427522170e-20
6.198143504694652965e-04
5.421010862427522170e-20
6.074392037381296482e-04
0.000000000000000000e+00
5.953579259176906358e-04
0.000000000000000000e+00
5.835618386695409516e-04
0.000000000000000000e+00
5.720424856789539051e-04
0.000000000000000000e+00
5.607918971051661320e-04
0.000000000000000000e+00
5.498021585166154752e-04
0.000000000000000000e+00
5.390658721269796054e-04
5.421010862427522170e-20
5.285756501855839616e-04
-5.421010862427522170e-20
5.183246109454953858e-04
5.421010862427522170e-20
5.083058968236797920e-04
0.000000000000000000e+00
4.985129827467542005e-04
0.000000000000000000e+00
4.889396275105574886e-04
0.000000000000000000e+00
4.795796535453591579e-04
0.000000000000000000e+00
4.704271514076720857e-04
-2.710505431213761085e-20
4.614764726094446870e-04
2.710505431213761085e-20
4.527221115386427627e-04
0.000000000000000000e+00
4.441587089130710937e-04
0.000000000000000000e+00
4.357810903101599518e-04
0.000000000000000000e+00
4.275842661994892139e-04
0.000000000000000000e+00
4.195634127591385217e-04
0.000000000000000000e+00
4.117138577593960295e-04
0.000000000000000000e+00
4.040310740639948541e-04
2.710505431213761085e-20
3.965106758871082002e-04
2.710505431213761085e-20
3.891484148609844007e-04
-2.710505431213761085e-20
3.819401752463259065e-04
0.000000000000000000e+00
3.748819683255339374e-04
0.000000000000000000e+00
3.679699262118889778e-04
2.710505431213761085e-20
3.612002961045691928e-04
0.000000000000000000e+00
3.545694374951619508e-04
-2.710505431213761085e-20
3.480738247858842431e-04
0.000000000000000000e+00
3.417100521400721598e-04
0.000000000000000000e+00
3.354748272865283381e-04
-2.710505431213761085e-20
3.293649431731806286e-04
-2.710505431213761085e-20
3.233772494112523025e-04
0.000000000000000000e+00
3.175086754247022618e-04
0.000000000000000000e+00
3.117562968073202051e-04
-2.710505431213761085e-20
3.061173236809537406e-04
0.000000000000000000e+00
3.005889764135847133e-04
0.000000000000000000e+00
2.951684754995054965e-04
2.710505431213761085e-20
2.898532215483173077e-04
-2.710505431213761085e-20
2.846407713847981177e-04
2.710505431213761085e-20
2.795285938627437277e-04
0.000000000000000000e+00
2.745142076452481176e-04
0.000000000000000000e+00
2.695953988230804328e-04
2.710505431213761085e-20
2.647698939993354834e-04
-2.710505431213761085e-20
2.600353617945372407e-04
2.710505431213761085e-20
2.553897779150837667e-04
0.000000000000000000e+00
2.508310612059790577e-04
-2.710505431213761085e-20
2.463570498269248665e-04
0.000000000000000000e+00
2.419659099860250822e-04
-2.710505431213761085e-20
2.376556832221895718e-04
1.355252715606880543e-20
2.334244001743915960e-04
0.000000000000000000e+00
2.292703962712115966e-04
0.000000000000000000e+00
2.251917942115686010e-04
-1.355252715606880543e-20
2.211868466696644518e-04
1.355252715606880543e-20
2.172539982027955831e-04
-1.355252715606880543e-20
2.133914651840828811e-04
0.000000000000000000e+00
2.095977173947762397e-04
1.355252715606880543e-20
2.058712535163739039e-04
-1.355252715606880543e-20
2.022104264893802739e-04
1.355252715606880543e-20
1.986138702277881495e-04
0.000000000000000000e+00
1.950801337945698606e-04
0.000000000000000000e+00
1.916077215321767765e-04
1.355252715606880543e-20
1.881953748572572646e-04
1.355252715606880543e-20
1.848417256476595698e-04
0.000000000000000000e+00
1.815454028026160206e-04
0.000000000000000000e+00
1.783052241604677431e-04
-1.355252715606880543e-20
1.751199374530129779e-04
-1.355252715606880543e-20
1.719882643176584255e-04
1.355252715606880543e-20
1.689090711745697831e-04
0.000000000000000000e+00
1.658812360810931711e-04
1.355252715606880543e-20
1.629035841352790420e-04
0.000000000000000000e+00
1.599749991692956243e-04
0.000000000000000000e+00
1.570944400383300307e-04
0.000000000000000000e+00
1.542608694033949560e-04
0.000000000000000000e+00
1.514732416109077721e-04
0.000000000000000000e+00
1.487305376470970302e-04
1.355252715606880543e-20
1.460317783281390254e-04
1.355252715606880543e-20
1.433760120927268214e-04
0.000000000000000000e+00
1.407623038605906928e-04
0.000000000000000000e+00
1.381897337060215987e-04
6.776263578034402713e-21
1.356573994986134631e-04
-1.355252715606880543e-20
1.331644184405525943e-04
0.000000000000000000e+00
1.307099268860764478e-04
-1.355252715606880543e-20
1.282930795268659679e-04
-6.776263578034402713e-21
1.259130486683668207e-04
-6.776263578034402713e-21
1.235690234884773803e-04
0.000000000000000000e+00
1.212602083898345372e-04
0.000000000000000000e+00
1.189858198436965256e-04
0.000000000000000000e+00
1.167450850143504529e-04
0.000000000000000000e+00
1.145372496221253158e-04
-6.776263578034402713e-21
1.123615862888829923e-04
0.000000000000000000e+00
1.102173707119554012e-04
0.000000000000000000e+00
1.081038681503946496e-04
-6.776263578034402713e-21
1.060203916074845226e-04
6.776263578034402713e-21
1.039662479357513435e-04
0.000000000000000000e+00
1.019407457944600324e-04
0.000000000000000000e+00
9.994322559139590730e-05
0.000000000000000000e+00
9.797301706789121383e-05
6.776263578034402713e-21
9.602946505048818855e-05
0.000000000000000000e+00
9.411193247801825652e-05
6.776263578034402713e-21
9.221977385203582915e-05
0.000000000000000000e+00
9.035235681854856290e-05
-6.776263578034402713e-21
8.850905775054989592e-05
-6.776263578034402713e-21
8.668925669706891140e-05
0.000000000000000000e+00
8.489233764501580098e-05
6.776263578034402713e-21
8.311768823096760161e-05
-6.776263578034402713e-21
8.136469850507894812e-05
0.000000000000000000e+00
7.963276144865580938e-05
0.000000000000000000e+00
7.792127391132252601e-05
3.388131789017201356e-21
7.622962775231890888e-05
6.776263578034402713e-21
7.455721792030719065e-05
0.000000000000000000e+00
7.290343502600023847e-05
3.388131789017201356e-21
7.126766906085699020e-05
3.388131789017201356e-21
6.964930298015242457e-05
0.000000000000000000e+00
6.804771469305484000e-05
-3.388131789017201356e-21
6.646227455131290614e-05
0.000000000000000000e+00
6.489234340219033855e-05
-3.388131789017201356e-21
6.333727093329827795e-05
0.000000000000000000e+00
6.179639244551486275e-05
0.000000000000000000e+00
6.026902770575422370e-05
0.000000000000000000e+00
5.875447706847879034e-05
0.000000000000000000e+00
5.725201906544229950e-05
0.000000000000000000e+00
5.576090620172410135e-05
-3.388131789017201356e-21
5.428036095887289416e-05
0.000000000000000000e+00
5.280957100533034178e-05
3.388131789017201356e-21
5.134768369828651783e-05
0.000000000000000000e+00
4.989379937193447499e-05
0.000000000000000000e+00
4.844696385536320893e-05
0.000000000000000000e+00
4.700615943445939239e-05
1.694065894508600678e-21
4.557029409929775710e-05
1.694065894508600678e-21
4.413792607555685083e-05
-1.694065894508600678e-21
4.270848025577226231e-05
1.694065894508600678e-21
4.128017072428689856e-05
-1.694065894508600678e-21
3.985087768564663359e-05
0.000000000000000000e+00
3.841983910614372576e-05
1.694065894508600678e-21
3.698447072037376197e-05
0.000000000000000000e+00
3.554274786328219993e-05
1.694065894508600678e-21
3.409222564525516449e-05
1.694065894508600678e-21
3.263007430459380684e-05
0.000000000000000000e+00
3.115278739776901871e-05
0.000000000000000000e+00
2.965638013402959245e-05
0.000000000000000000e+00
2.813599864925879157e-05
0.000000000000000000e+00
2.658568568660219745e-05
0.000000000000000000e+00
2.499797879926762096e-05
0.000000000000000000e+00
2.336330715627545735e-05
0.000000000000000000e+00
2.166901891896842779e-05
-4.235164736271501695e-22
1.989778376681683122e-05
0.000000000000000000e+00
1.802479929411365909e-05
-4.235164736271501695e-22
1.601192669202796374e-05
0.000000000000000000e+00
1.379601065949662425e-05
0.000000000000000000e+00
1.125652018577558697e-05
1.058791184067875424e-22
8.101913908780703850e-06
0.000000000000000000e+00
3.251345001976068866e-06
0.000000000000000000e+00
9.443651737492067746e-07
-1.654361225106055350e-24
6.331657828371521987e-07
0.000000000000000000e+00
4.985049479188425169e-07
0.000000000000000000e+00
4.189179221178967965e-07
0.000000000000000000e+00
3.646673996720291480e-07
0.000000000000000000e+00
3.246049792174849642e-07
4.135903062765138374e-25
2.934343564624133647e-07
0.000000000000000000e+00
2.682758679699463286e-07
0.000000000000000000e+00
2.474108766797833450e-07
0.000000000000000000e+00
2.297411840653872888e-07
1.033975765691284594e-25
2.145274215134858427e-07
-1.033975765691284594e-25
2.012508280580110016e-07
0.000000000000000000e+00
1.895350421435626113e-07
-1.033975765691284594e-25
1.790895676235454897e-07
0.000000000000000000e+00
1.697232659056408763e-07
0.000000000000000000e+00
1.612544560124701868e-07
0.000000000000000000e+00
1.535514809113106418e-07
0.000000000000000000e+00
1.465083392328149097e-07
5.169878828456422968e-26
1.400385858459167208e-07
0.000000000000000000e+00
1.340709141605360789e-07
5.169878828456422968e-26
1.285458995493538548e-07
0.000000000000000000e+00
1.234135602603145738e-07
5.169878828456422968e-26
1.186315041496422937e-07
0.000000000000000000e+00
1.141635020125239338e-07
5.169878828456422968e-26
1.099783761453822283e-07
5.169878828456422968e-26
1.060491249876741509e-07
5.169878828456422968e-26
1.023522267532306938e-07
5.169878828456422968e-26
9.886708031255148503e-08
0.000000000000000000e+00
9.557555242713376534e-08
0.000000000000000000e+00
9.246160819526874714e-08
2.584939414228211484e-26
8.951100719201622703e-08
2.584939414228211484e-26
8.671105190973108146e-08
2.584939414228211484e-26
8.405037816265642138e-08
-2.584939414228211484e-26
8.151877940870636322e-08
2.584939414228211484e-26
7.910705867276125882e-08
0.000000000000000000e+00
7.680690307652562804e-08
-2.584939414228211484e-26
7.461077699604741729e-08
0.000000000000000000e+00
7.251183065586932375e-08
0.000000000000000000e+00
7.050382158426479129e-08
0.000000000000000000e+00
6.858104683822669502e-08
2.584939414228211484e-26
6.673828429034301186e-08
2.584939414228211484e-26
6.497074157531011812e-08
0.000000000000000000e+00
6.327401153883900507e-08
0.000000000000000000e+00
6.164403322926154391e-08
2.584939414228211484e-26
6.007705763226950127e-08
-2.584939414228211484e-26
5.856961747969369190e-08
2.584939414228211484e-26
5.711850057006043572e-08
0.000000000000000000e+00
5.572072612652902575e-08
0.000000000000000000e+00
5.437352379042342378e-08
0.000000000000000000e+00
5.307431490881431628e-08
-2.584939414228211484e-26
5.182069582479775336e-08
0.000000000000000000e+00
5.061042292110212391e-08
2.584939414228211484e-26
4.944139920289254540e-08
2.584939414228211484e-26
4.831166223534013786e-08
0.000000000000000000e+00
4.721937327662177391e-08
1.292469707114105742e-26
4.616280746831768984e-08
-1.292469707114105742e-26
4.514034496328031441e-08
1.292469707114105742e-26
4.415046288652936234e-08
0.000000000000000000e+00
4.319172803795142359e-08
0.000000000000000000e+00
4.226279025695854718e-08
1.292469707114105742e-26
4.136237637903746081e-08
0.000000000000000000e+00
4.048928472256647564e-08
0.000000000000000000e+00
3.964238005158787387e-08
1.292469707114105742e-26
3.882058896655410206e-08
1.292469707114105742e-26
3.802289568058586315e-08
0.000000000000000000e+00
3.724833814357406215e-08
-1.292469707114105742e-26
3.649600448066063753e-08
-1.292469707114105742e-26
3.576502971530153192e-08
0.000000000000000000e+00
3.505459275033546834e-08
0.000000000000000000e+00
3.436391358331638391e-08
0.000000000000000000e+00
3.369225073485811931e-08
-6.462348535570528710e-27
3.303889887094154687e-08
0.000000000000000000e+00
3.240318660207858474e-08
0.000000000000000000e+00
3.178447444395089944e-08
0.000000000000000000e+00
3.118215292566645322e-08
1.292469707114105742e-26
3.059564083313900878e-08
6.462348535570528710e-27
3.002438357629957600e-08
0.000000000000000000e+00
2.946785166993076078e-08
6.462348535570528710e-27
2.892553931887410839e-08
0.000000000000000000e+00
2.839696309922063300e-08
6.462348535570528710e-27
2.788166072786973365e-08
-6.462348535570528710e-27
2.737918991352580840e-08
0.000000000000000000e+00
2.688912728283009223e-08
0.000000000000000000e+00
2.641106737587730803e-08
6.462348535570528710e-27
2.594462170587336474e-08
6.462348535570528710e-27
2.548941787814314530e-08
0.000000000000000000e+00
2.504496430381133771e-08
-6.462348535570528710e-27
2.461119836290546415e-08
6.462348535570528710e-27
2.418764463197696660e-08
6.462348535570528710e-27
2.377398741142586991e-08
-6.462348535570528710e-27
2.336992342809875851e-08
6.462348535570528710e-27
2.297516123124359512e-08
0.000000000000000000e+00
2.258942062367656575e-08
6.462348535570528710e-27
2.221243212576433457e-08
0.000000000000000000e+00
2.184393647001005887e-08
6.462348535570528710e-27
2.148368412420084557e-08
-6.462348535570528710e-27
2.113143484123232183e-08
0.000000000000000000e+00
2.078695723386645085e-08
0.000000000000000000e+00
2.045002837280990517e-08
0.000000000000000000e+00
2.012043340661922170e-08
0.000000000000000000e+00
1.979796520204801829e-08
0.000000000000000000e+00
1.948242400355289443e-08
-3.231174267785264355e-27
1.917361711076541375e-08
0.000000000000000000e+00
1.887135857282505475e-08
0.000000000000000000e+00
1.857546889854151331e-08
0.000000000000000000e+00
1.828577478143166478e-08
0.000000000000000000e+00
1.800210883873840294e-08
3.231174267785264355e-27
1.772430936360279883e-08
-6.462348535570528710e-27
1.745222008961508363e-08
3.231174267785264355e-27
1.718568996702334600e-08
0.000000000000000000e+00
1.692457294992610601e-08
-3.231174267785264355e-27
1.666872779382027376e-08
3.231174267785264355e-27
1.641801786291675125e-08
-6.462348535570528710e-27
1.617231094667327133e-08
0.000000000000000000e+00
1.593147908503143993e-08
0.000000000000000000e+00
1.569539840187533809e-08
-3.231174267785264355e-27
1.546394894626173405e-08
0.000000000000000000e+00
1.523701454099879583e-08
0.000000000000000000e+00
1.501448263817638337e-08
-6.462348535570528710e-27
1.479624418127716127e-08
0.000000000000000000e+00
1.458219347351817826e-08
0.000000000000000000e+00
1.437222805209581791e-08
0.000000000000000000e+00
1.416624856802522003e-08
0.000000000000000000e+00
1.396415867128441127e-08
-3.231174267785264355e-27
1.376586490099128391e-08
0.000000000000000000e+00
1.357127658035517850e-08
0.000000000000000000e+00
1.338030571616322452e-08
3.231174267785264355e-27
1.319286690257198577e-08
-6.462348535570528710e-27
1.300887722899121615e-08
3.231174267785264355e-27
1.282825619185636690e-08
0.000000000000000000e+00
1.265092561009932739e-08
3.231174267785264355e-27
1.247680954413686556e-08
0.000000000000000000e+00
1.230583421820700751e-08
3.231174267785264355e-27
1.213792794589197484e-08
0.000000000000000000e+00
1.197302105867608900e-08
0.000000000000000000e+00
1.181104583739511369e-08
1.615587133892632177e-27
1.165193644644026080e-08
0.000000000000000000e+00
1.149562887058934185e-08
0.000000000000000000e+00
1.134206085434265218e-08
-1.615587133892632177e-27
1.119117184364828533e-08
-1.615587133892632177e-27
1.104290292990778923e-08
0.000000000000000000e+00
1.089719679615850022e-08
-1.615587133892632177e-27
1.075399766533455870e-08
1.615587133892632177e-27
1.061325125051311369e-08
0.000000000000000000e+00
1.047490470705789101e-08
-1.615587133892632177e-27
1.033890658657545999e-08
0.000000000000000000e+00
1.020520679260546273e-08
0.000000000000000000e+00
1.007375653796851975e-08
-3.231174267785264355e-27
9.944508303700056114e-09
0.000000000000000000e+00
9.817415799501939357e-09
-1.615587133892632177e-27
9.692433925646600270e-09
0.000000000000000000e+00
9.569518736272233257e-09
0.000000000000000000e+00
9.448627404009883204e-09
-1.615587133892632177e-27
9.329718185886786004e-09
0.000000000000000000e+00
9.212750390452435883e-09
-1.615587133892632177e-27
9.097684346076742843e-09
0.000000000000000000e+00
8.984481370372004298e-09
0.000000000000000000e+00
8.873103740692277804e-09
0.000000000000000000e+00
8.763514665666840401e-09
0.000000000000000000e+00
8.655678257725177773e-09
0.000000000000000000e+00
8.549559506574002037e-09
0.000000000000000000e+00
8.445124253588024535e-09
0.000000000000000000e+00
8.342339167078130674e-09
-1.615587133892632177e-27
8.241171718402205312e-09
-1.615587133892632177e-27
8.141590158885478448e-09
0.000000000000000000e+00
8.043563497518718480e-09
-1.615587133892632177e-27
7.947061479403847658e-09
0.000000000000000000e+00
7.852054564918460214e-09
0.000000000000000000e+00
7.758513909571074351e-09
0.000000000000000000e+00
7.666411344521000690e-09
-1.615587133892632177e-27
7.575719357737593214e-09
0.000000000000000000e+00
7.486411075774272415e-09
0.000000000000000000e+00
7.398460246134740286e-09
0.000000000000000000e+00
7.311841220208851429e-09
0.000000000000000000e+00
7.226528936756842881e-09
1.615587133892632177e-27
7.142498905921975178e-09
1.615587133892632177e-27
7.059727193751839046e-09
0.000000000000000000e+00
6.978190407209753363e-09
-1.615587133892632177e-27
6.897865679658322783e-09
0.000000000000000000e+00
6.818730656798198636e-09
-1.615587133892632177e-27
6.740763483045357230e-09
-8.077935669463160887e-28
6.663942788331457866e-09
0.000000000000000000e+00
6.588247675311809821e-09
-8.077935669463160887e-28
6.513657706966832461e-09
8.077935669463160887e-28
6.440152894582766903e-09
8.077935669463160887e-28
6.367713686098516018e-09
-8.077935669463160887e-28
6.296320954805665746e-09
0.000000000000000000e+00
6.225955988389324663e-09
8.077935669463160887e-28
6.156600478298403956e-09
0.000000000000000000e+00
6.088236509433123637e-09
8.077935669463160887e-28
6.020846550139749355e-09
0.000000000000000000e+00
5.954413442501481375e-09
8.077935669463160887e-28
5.888920392915598504e-09
8.077935669463160887e-28
5.824350962947319578e-09
8.077935669463160887e-28
5.760689060450606057e-09
0.000000000000000000e+00
5.697918930947571060e-09
-8.077935669463160887e-28
5.636025149257359449e-09
0.000000000000000000e+00
5.574992611366410806e-09
-8.077935669463160887e-28
5.514806526532141188e-09
0.000000000000000000e+00
5.455452409612266531e-09
0.000000000000000000e+00
5.396916073612487656e-09
0.000000000000000000e+00
5.339183622445265996e-09
-8.077935669463160887e-28
5.282241443892981577e-09
8.077935669463160887e-28
5.226076202768764008e-09
8.077935669463160887e-28
5.170674834268644563e-09
0.000000000000000000e+00
5.116024537508923085e-09
8.077935669463160887e-28
5.062112769242917300e-09
-8.077935669463160887e-28
5.008927237751103226e-09
0.000000000000000000e+00
4.956455896899591821e-09
8.077935669463160887e-28
4.904686940361274817e-09
0.000000000000000000e+00
4.853608795994675858e-09
-8.077935669463160887e-28
4.803210120375667920e-09
0.000000000000000000e+00
4.753479793477111301e-09
0.000000000000000000e+00
4.704406913491997528e-09
0.000000000000000000e+00
4.655980791795575315e-09
0.000000000000000000e+00
4.608190948042267266e-09
0.000000000000000000e+00
4.561027105393122284e-09
0.000000000000000000e+00
4.514479185870032596e-09
8.077935669463160887e-28
4.468537305832664662e-09
0.000000000000000000e+00
4.423191771574501621e-09
0.000000000000000000e+00
4.378433075034419703e-09
0.000000000000000000e+00
4.334251889620322798e-09
0.000000000000000000e+00
4.290639066141413969e-09
-8.077935669463160887e-28
4.247585628846035879e-09
0.000000000000000000e+00
4.205082771561756550e-09
0.000000000000000000e+00
4.163121853934864841e-09
0.000000000000000000e+00
4.121694397766237445e-09
0.000000000000000000e+00
4.080792083440841071e-09
0.000000000000000000e+00
4.040406746448007771e-09
4.038967834731580444e-28
4.000530373990039928e-09
4.038967834731580444e-28
3.961155101676402784e-09
-4.038967834731580444e-28
3.922273210301160301e-09
0.000000000000000000e+00
3.883877122701256337e-09
4.038967834731580444e-28
3.845959400693195177e-09
0.000000000000000000e+00
